<?xml version="1.0"?>
<opencv_storage>
<Camera_Matrix type_id="opencv-matrix">
  <rows>3</rows>
  <cols>3</cols>
  <dt>d</dt>
  <data>
    6.9118808604749881e+02 0. 3.1950000000000000e+02 0.
    6.9118808604749881e+02 2.3950000000000000e+02 0. 0. 1.</data></Camera_Matrix>
<Distortion_Coefficients type_id="opencv-matrix">
  <rows>5</rows>
  <cols>1</cols>
  <dt>d</dt>
  <data>
    -2.1547339168879856e-01 9.3930633956615861e-01 0. 0.
    -7.1871535591386593e-01</data></Distortion_Coefficients>
</opencv_storage>
