<?xml version="1.0"?>
<opencv_storage>
<calibration_Time>"Wed Jul 16 15:28:41 2014"</calibration_Time>
<nrOfFrames>5</nrOfFrames>
<image_Width>640</image_Width>
<image_Height>480</image_Height>
<board_Width>4</board_Width>
<board_Height>4</board_Height>
<square_Size>20.</square_Size>
<FixAspectRatio>1.</FixAspectRatio>
<!-- flags:  +fix_aspectRatio +fix_principal_point +zero_tangent_dist -->
<flagValue>14</flagValue>
<Camera_Matrix type_id="opencv-matrix">
  <rows>3</rows>
  <cols>3</cols>
  <dt>d</dt>
  <data>
    8.6135011047116166e+02 0. 3.1950000000000000e+02 0.
    8.6135011047116166e+02 2.3950000000000000e+02 0. 0. 1.</data></Camera_Matrix>
<Distortion_Coefficients type_id="opencv-matrix">
  <rows>5</rows>
  <cols>1</cols>
  <dt>d</dt>
  <data>
    9.3941457021551419e-02 -5.2805788933807172e+00 0. 0.
    4.2692790075624778e+01</data></Distortion_Coefficients>
<Avg_Reprojection_Error>5.5604789843465630e-01</Avg_Reprojection_Error>
<Per_View_Reprojection_Errors type_id="opencv-matrix">
  <rows>5</rows>
  <cols>1</cols>
  <dt>f</dt>
  <data>
    6.29773080e-01 3.41950297e-01 3.56003970e-01 6.93276525e-01
    6.51944041e-01</data></Per_View_Reprojection_Errors>
<!-- a set of 6-tuples (rotation vector + translation vector)for each view -->
<Extrinsic_Parameters type_id="opencv-matrix">
  <rows>5</rows>
  <cols>6</cols>
  <dt>d</dt>
  <data>
    -2.0510177281579639e-01 5.9424172171925003e-03
    1.3193825675571995e+00 1.5550023451297855e+01
    -3.9901954557974477e+01 2.2293687976677705e+02
    -2.5921585641543615e-01 -1.1301468812688434e-02
    1.3205543944029909e+00 3.4996266014696403e+01
    -4.2056567422697015e+01 2.3052088864651742e+02
    -3.0193739314046408e-01 7.6853319049570781e-03
    1.3061882816898542e+00 3.3120324880435220e+01
    -4.2186412142683814e+01 2.3286095445272917e+02
    -2.6092153283341890e-01 1.0725932111467448e-01
    1.2744937051396572e+00 3.3009312166501338e+01
    -5.2296353473206530e+01 2.2736013037184318e+02
    -2.9371219377205998e-01 6.2824066180874286e-02
    1.2659387971313920e+00 3.2294618694520821e+01
    -5.7557450972957490e+01 2.4620274877776293e+02</data></Extrinsic_Parameters>
<Image_points type_id="opencv-matrix">
  <rows>5</rows>
  <cols>16</cols>
  <dt>"2f"</dt>
  <data>
    3.78517487e+02 8.53332672e+01 3.99590393e+02 1.58410934e+02
    4.20545898e+02 2.33899200e+02 4.42360382e+02 3.10879944e+02
    3.04737305e+02 1.00993637e+02 3.24540466e+02 1.76023422e+02
    3.45172699e+02 2.52221329e+02 3.65822601e+02 3.30837494e+02
    2.28263626e+02 1.18160286e+02 2.47568008e+02 1.93767990e+02
    2.66940186e+02 2.71556244e+02 2.87143616e+02 3.50882324e+02
    1.51741928e+02 1.35786606e+02 1.69437576e+02 2.11738495e+02
    1.88242264e+02 2.90604492e+02 2.07272766e+02 3.71352020e+02
    4.49238464e+02 8.26140671e+01 4.70262085e+02 1.53074417e+02
    4.91855316e+02 2.24904572e+02 5.13453491e+02 2.99384705e+02
    3.79494202e+02 9.68606415e+01 4.00135986e+02 1.68440521e+02
    4.20493042e+02 2.42383545e+02 4.41645630e+02 3.18046082e+02
    3.07518585e+02 1.11148376e+02 3.26782135e+02 1.84822891e+02
    3.46787201e+02 2.60074432e+02 3.67233978e+02 3.37226562e+02
    2.32095001e+02 1.26735474e+02 2.50943100e+02 2.01636169e+02
    2.69893188e+02 2.78611267e+02 2.89758636e+02 3.57270538e+02
    4.41170074e+02 8.36578140e+01 4.63220001e+02 1.52527588e+02
    4.86384979e+02 2.23025879e+02 5.09742828e+02 2.96290680e+02
    3.72471222e+02 9.80212479e+01 3.94178314e+02 1.67994736e+02
    4.15731110e+02 2.40659882e+02 4.38642822e+02 3.15464539e+02
    3.01375031e+02 1.12119217e+02 3.21494598e+02 1.84613159e+02
    3.42637634e+02 2.58792725e+02 3.64486481e+02 3.35427094e+02
    2.26379852e+02 1.27860161e+02 2.46091171e+02 2.01654633e+02
    2.65966614e+02 2.77838562e+02 2.87075562e+02 3.55882660e+02
    4.44272034e+02 4.17569351e+01 4.69388733e+02 1.10681320e+02
    4.95293732e+02 1.80128098e+02 5.22431458e+02 2.53192215e+02
    3.73009338e+02 6.02995262e+01 3.96882385e+02 1.29364151e+02
    4.21604492e+02 2.01060852e+02 4.47200928e+02 2.74889008e+02
    2.99495911e+02 7.76054764e+01 3.22256348e+02 1.49046326e+02
    3.45883392e+02 2.21915070e+02 3.70557526e+02 2.97331207e+02
    2.23595520e+02 9.68474274e+01 2.45200409e+02 1.69384125e+02
    2.68037903e+02 2.43983246e+02 2.91527466e+02 3.20480072e+02
    4.31265015e+02 3.94368134e+01 4.54873718e+02 1.01578285e+02
    4.79975281e+02 1.65168060e+02 5.05616669e+02 2.32411057e+02
    3.66921265e+02 5.50534973e+01 3.89916687e+02 1.17987587e+02
    4.13283844e+02 1.84118622e+02 4.37895477e+02 2.52933426e+02
    3.00603699e+02 7.04730911e+01 3.21745667e+02 1.35815231e+02
    3.44421661e+02 2.03518967e+02 3.67730316e+02 2.73931458e+02
    2.30725433e+02 8.75466461e+01 2.51236160e+02 1.54095840e+02
    2.72381378e+02 2.23703659e+02 2.94537415e+02 2.95863373e+02</data></Image_points>
</opencv_storage>
