%YAML:1.0
calibration_time: "Mon Jul 14 08:56:18 2014"
nframes: 10
image_width: 640
image_height: 480
board_width: 4
board_height: 5
square_size: 1.
flags: 0
camera_matrix: !!opencv-matrix
   rows: 3
   cols: 3
   dt: d
   data: [ 1.2974221327010837e+03, 0., 2.3461323335684986e+02, 0.,
       1.3060227677202379e+03, 2.0852770667556254e+02, 0., 0., 1. ]
distortion_coefficients: !!opencv-matrix
   rows: 5
   cols: 1
   dt: d
   data: [ -2.6363148950584470e+00, 9.0010023162560302e+01,
       1.7266653570408626e-03, 1.5613481940658876e-02,
       -6.6122149242207661e+02 ]
avg_reprojection_error: 2.3639749766488425e+00
per_view_reprojection_errors: !!opencv-matrix
   rows: 10
   cols: 1
   dt: f
   data: [ 4.63029289e+00, 9.85505402e-01, 1.21019793e+00,
       7.29657292e-01, 6.72784090e-01, 6.18919075e-01, 5.36496592e+00,
       8.74890804e-01, 9.13105190e-01, 5.08147538e-01 ]
# a set of 6-tuples (rotation vector + translation vector) for each view
extrinsic_parameters: !!opencv-matrix
   rows: 10
   cols: 6
   dt: d
   data: [ 5.3614932558727668e-01, 2.7882901731949728e-02,
       -1.4542703528371341e+00, 1.5946555180427937e+00,
       3.6609413790123053e+00, 2.1048868266709263e+01,
       2.5597686265708547e-01, 2.9490901053643048e-01,
       3.0993903769791706e+00, 3.6018535173621669e-01,
       2.2509771409813562e+00, 1.9170327792158965e+01,
       -1.7714631994912172e-01, 5.7468118464139961e-01,
       -8.8302345914405833e-02, -2.3575479612752974e+00,
       2.9606207123668415e+00, 3.6740978268982182e+01,
       -4.3448421442659868e-01, 1.1478287132064140e-01,
       -5.6356845893772694e-03, -2.9728897403640100e+00,
       1.6290938694038892e+00, 3.1481928595573144e+01,
       -1.5350648159894348e-01, 4.4950819558917499e-01,
       1.5016625468827922e+00, 7.0589794537742512e-01,
       2.0162333129635148e+00, 3.1329222580264798e+01,
       -1.2781167251240769e-01, 3.6394542396933566e-01,
       1.4883149085185254e+00, 8.0268076647161191e-01,
       2.0946172606553701e+00, 3.1677320110180858e+01,
       3.6487250399600057e-01, -4.0358387297210452e-01,
       2.9841910586966978e+00, 1.3710285398398012e+00,
       1.1732819920846458e+00, 2.1643432989961326e+01,
       2.9971001355936028e-01, 1.0150150663062692e-01,
       1.4522784478778619e+00, 3.5239023706105748e+00,
       -2.6552649828650683e+00, 2.3779111353032345e+01,
       2.9029052974681613e-01, 8.4009685578080737e-02,
       1.4518627406820952e+00, 3.6063305263906433e+00,
       -2.6670654116273615e+00, 2.3687080591947758e+01,
       5.5233740443790570e-02, 1.8381800414187363e-01,
       1.4712139812058285e+00, 3.8599735536538957e+00,
       -2.6060455128339988e+00, 2.7593580825357641e+01 ]
image_points: !!opencv-matrix
   rows: 10
   cols: 20
   dt: "2f"
   data: [ 3.34500000e+02, 4.33500000e+02, 3.41377533e+02,
       3.78859619e+02, 3.49500000e+02, 3.18500000e+02, 365., 270.,
       3.91500000e+02, 435., 400., 379., 4.07500000e+02, 3.21500000e+02,
       4.20500000e+02, 2.60500000e+02, 4.52028198e+02, 4.35517151e+02,
       4.54858459e+02, 3.80262878e+02, 4.67500000e+02, 3.23500000e+02,
       478., 264., 5.07864349e+02, 4.35969940e+02, 5.22450806e+02,
       3.82336365e+02, 5.24500000e+02, 3.26500000e+02, 5.36143005e+02,
       2.64964142e+02, 5.53620850e+02, 4.34540161e+02, 5.62510010e+02,
       3.81598419e+02, 5.88606567e+02, 3.26785919e+02, 6.11989929e+02,
       2.69993866e+02, 2.59110992e+02, 3.59555786e+02, 1.93373703e+02,
       3.60599487e+02, 1.29906860e+02, 3.61209686e+02, 6.84546967e+01,
       3.61767090e+02, 2.58367889e+02, 2.92281464e+02, 1.93108871e+02,
       2.93608398e+02, 1.30267975e+02, 2.95263153e+02, 6.92170105e+01,
       2.96885956e+02, 2.57954987e+02, 2.26768707e+02, 1.93339111e+02,
       2.28727524e+02, 1.30665237e+02, 2.30860245e+02, 7.07080688e+01,
       2.33566635e+02, 2.57668579e+02, 1.63076813e+02, 1.93929031e+02,
       1.64770874e+02, 1.31845612e+02, 1.67587967e+02, 7.18175201e+01,
       1.70842636e+02, 2.57598633e+02, 1.02485878e+02, 1.94852493e+02,
       1.03676735e+02, 1.32928345e+02, 1.06101074e+02, 7.38685455e+01,
       1.10349144e+02, 1.53565903e+02, 3.12521088e+02, 1.82474075e+02,
       3.08979919e+02, 2.10302948e+02, 3.05036041e+02, 2.39507339e+02,
       3.00718872e+02, 1.53931107e+02, 3.46873535e+02, 1.83138229e+02,
       3.44086945e+02, 2.11416885e+02, 3.41027618e+02, 2.40851837e+02,
       3.37497833e+02, 1.54462997e+02, 3.82244354e+02, 1.83866348e+02,
       3.80205597e+02, 2.12853058e+02, 3.77793549e+02, 2.42598831e+02,
       3.75466187e+02, 1.54678574e+02, 4.18322266e+02, 1.84651505e+02,
       4.16743103e+02, 2.13793533e+02, 4.15486176e+02, 2.44514114e+02,
       4.14190582e+02, 1.54870300e+02, 4.54965149e+02, 1.85433731e+02,
       4.54201782e+02, 2.15522964e+02, 4.53603180e+02, 2.46550507e+02,
       4.53373901e+02, 1.15846313e+02, 2.74468567e+02, 1.55286362e+02,
       2.73869507e+02, 1.94613647e+02, 2.73386444e+02, 2.33812408e+02,
       2.73219727e+02, 1.12817558e+02, 3.12337952e+02, 1.53210480e+02,
       3.11541504e+02, 1.93305099e+02, 3.11214630e+02, 2.33600983e+02,
       3.10778137e+02, 1.09825874e+02, 3.52309662e+02, 1.50981079e+02,
       3.51371094e+02, 1.92238846e+02, 3.50766724e+02, 2.33398773e+02,
       3.50251312e+02, 1.06707146e+02, 3.93915344e+02, 1.49001144e+02,
       3.92813782e+02, 1.90915878e+02, 3.91928558e+02, 2.33111267e+02,
       3.91044128e+02, 1.03327888e+02, 4.37267853e+02, 1.46731796e+02,
       4.36025940e+02, 1.89579910e+02, 4.34779388e+02, 2.32843887e+02,
       4.33520966e+02, 2.62309418e+02, 2.91674164e+02, 2.63429688e+02,
       3.30470093e+02, 2.64774506e+02, 3.70584259e+02, 2.66321594e+02,
       4.11749878e+02, 2.23449509e+02, 2.94118256e+02, 2.23715576e+02,
       3.32793762e+02, 2.24397736e+02, 3.72814819e+02, 2.24788681e+02,
       4.14264984e+02, 1.84599579e+02, 2.96548492e+02, 1.84249390e+02,
       3.35086060e+02, 1.83710159e+02, 3.75009094e+02, 1.83613358e+02,
       4.16691559e+02, 1.46457306e+02, 2.98816162e+02, 1.44931610e+02,
       3.37255096e+02, 1.43710159e+02, 3.77386810e+02, 1.42788162e+02,
       4.19005615e+02, 1.08293663e+02, 3.01210388e+02, 1.06375298e+02,
       3.39576477e+02, 1.04128944e+02, 3.79670685e+02, 1.01731140e+02,
       4.21100616e+02, 2.66525116e+02, 2.93675049e+02, 2.68751007e+02,
       3.33078278e+02, 2.71101959e+02, 3.73252655e+02, 2.73424316e+02,
       4.14454529e+02, 2.27326645e+02, 2.96650513e+02, 2.29221832e+02,
       3.36006104e+02, 2.30990707e+02, 3.76361237e+02, 2.32846481e+02,
       4.17240295e+02, 1.88552704e+02, 2.99455536e+02, 1.89495010e+02,
       3.38930328e+02, 1.90729340e+02, 3.78949249e+02, 1.92288452e+02,
       4.20380249e+02, 1.50048752e+02, 3.02475281e+02, 1.50519287e+02,
       3.41527161e+02, 1.51076767e+02, 3.81845367e+02, 1.51602921e+02,
       4.23179596e+02, 1.11548584e+02, 3.05193085e+02, 1.11496910e+02,
       3.44562103e+02, 1.11360535e+02, 3.84685394e+02, 1.11181679e+02,
       4.25980835e+02, 3.10626709e+02, 2.78684662e+02, 2.56456299e+02,
       2.83858765e+02, 1.98099823e+02, 2.87646881e+02, 1.46482254e+02,
       2.90677673e+02, 3.21888123e+02, 2.20061584e+02, 2.59266876e+02,
       2.26493698e+02, 1.91934433e+02, 2.29047806e+02, 1.42162415e+02,
       2.34027527e+02, 2.97144012e+02, 1.61207718e+02, 2.39500000e+02,
       1.66500000e+02, 1.82500000e+02, 171., 1.31964752e+02,
       1.74572861e+02, 2.91500000e+02, 1.03500000e+02, 2.37909378e+02,
       1.09036400e+02, 1.70472916e+02, 1.14015144e+02, 1.27688881e+02,
       1.19486450e+02, 2.84716583e+02, 4.73674278e+01, 2.23661407e+02,
       5.24660683e+01, 1.73418991e+02, 5.86418228e+01, 1.05381592e+02,
       6.42976456e+01, 4.26192230e+02, 6.39826622e+01, 4.31020264e+02,
       1.18576660e+02, 4.35711853e+02, 1.71914124e+02, 4.40406158e+02,
       2.24928696e+02, 3.72052551e+02, 7.05485382e+01, 3.77481873e+02,
       1.24387947e+02, 3.82776611e+02, 1.77003983e+02, 3.87892517e+02,
       2.29299377e+02, 3.18843597e+02, 7.70858765e+01, 3.24836182e+02,
