<?xml version="1.0"?>
<opencv_storage>
<calibration_Time>"Tue Jul 22 17:10:13 2014"</calibration_Time>
<nrOfFrames>10</nrOfFrames>
<image_Width>640</image_Width>
<image_Height>480</image_Height>
<board_Width>4</board_Width>
<board_Height>4</board_Height>
<square_Size>20.</square_Size>
<FixAspectRatio>1.</FixAspectRatio>
<!-- flags:  +fix_aspectRatio +fix_principal_point +zero_tangent_dist -->
<flagValue>14</flagValue>
<Camera_Matrix type_id="opencv-matrix">
  <rows>3</rows>
  <cols>3</cols>
  <dt>d</dt>
  <data>
    4.0732191337925303e+02 0. 3.1950000000000000e+02 0.
    4.0732191337925303e+02 2.3950000000000000e+02 0. 0. 1.</data></Camera_Matrix>
<Distortion_Coefficients type_id="opencv-matrix">
  <rows>5</rows>
  <cols>1</cols>
  <dt>d</dt>
  <data>
    -5.8930562522583767e-02 4.9294192694111956e-02 0. 0.
    2.6551501126173397e-03</data></Distortion_Coefficients>
<Avg_Reprojection_Error>2.9730678849497130e+00</Avg_Reprojection_Error>
<Per_View_Reprojection_Errors type_id="opencv-matrix">
  <rows>10</rows>
  <cols>1</cols>
  <dt>f</dt>
  <data>
    3.18160725e+00 7.48248577e+00 2.32855693e-01 7.66203523e-01
    6.21861935e-01 4.99273628e-01 4.29136086e+00 1.32665730e+00
    4.99231964e-01 7.60790765e-01</data></Per_View_Reprojection_Errors>
<!-- a set of 6-tuples (rotation vector + translation vector)for each view -->
<Extrinsic_Parameters type_id="opencv-matrix">
  <rows>10</rows>
  <cols>6</cols>
  <dt>d</dt>
  <data>
    -6.6513873955530500e-01 -1.0432722391312632e+00
    9.8689189404611896e-02 -9.3067239725962935e+01
    1.8390060970420446e+01 1.6799704710611218e+02
    -6.6319816374415488e-02 -3.8454258173550209e-03
    1.4472843059073006e+00 -2.8932200744212093e+01
    -3.3946927212499261e+01 1.3267903104133040e+02
    -7.0390437554762764e-02 3.7673020583603861e-02
    1.4772831074170725e+00 1.0631572084666434e+00 1.6937556674044767e+01
    1.4823726456681032e+02 -1.5731504769523250e-01
    -1.1401743647558620e-01 1.1861998214367024e+00
    -2.7025038004904340e+00 -1.7230794723272481e+01
    1.5992806511149342e+02 -7.9269340890659221e-02
    -1.2937402280110196e-02 1.4705770649498540e+00
    -4.6980066069112709e+01 1.4879159109792916e+01
    1.4729739330216020e+02 -5.5516445627811987e-02
    7.9416791074347695e-02 8.5164383827813758e-02
    -8.6706832584422884e+01 1.0447563436461566e+01
    1.4772597576093798e+02 7.1399784106457212e-02
    -2.2763329164217937e-02 -3.7628520150187694e-01
    -9.2569248610370110e+01 9.8588866477040460e-01
    1.4012423614913473e+02 2.1729949534087419e-02
    -6.2815553362539411e-02 -4.8297886455050948e-01
    -1.0111493703582464e+02 2.1524467163780159e+00
    1.4214913214352433e+02 -1.8716619474056572e-02
    -1.1180346053388905e-01 -6.5677064978446442e-01
    -1.1175919405198997e+02 9.3269065545756664e+00
    1.4426351835378770e+02 -2.3980678286652971e-02
    -1.0941308488440364e-01 -6.1246698051413662e-01
    -1.0593333369696721e+02 5.2393646117066766e+00
    1.4447901210704052e+02</data></Extrinsic_Parameters>
<Image_points type_id="opencv-matrix">
  <rows>10</rows>
  <cols>16</cols>
  <dt>"2f"</dt>
  <data>
    9.63137283e+01 2.85044800e+02 1.36013428e+02 2.96414124e+02
    1.70759949e+02 3.05563599e+02 2.01228485e+02 3.15726837e+02
    9.76566620e+01 3.28373230e+02 1.37060471e+02 3.38721710e+02
    1.73542755e+02 3.47101593e+02 2.05282257e+02 3.54214447e+02
    8.88578644e+01 3.74654968e+02 1.39145508e+02 3.82509155e+02
    1.75582474e+02 3.90332275e+02 2.10317825e+02 3.95366516e+02
    8.25121765e+01 4.42771515e+02 1.32660172e+02 4.30992065e+02
    1.78796280e+02 4.35938843e+02 2.11944992e+02 4.39847809e+02
    2.36551254e+02 1.34545319e+02 2.37383102e+02 1.93784882e+02 250.
    266. 2.51824265e+02 3.14308441e+02 1.63872787e+02 1.42359314e+02
    1.80987320e+02 2.01452911e+02 184. 2.73500000e+02 1.96047394e+02
    3.23823212e+02 1.11532700e+02 1.47396606e+02 1.03766579e+02
    2.09635376e+02 1.25049973e+02 2.70069214e+02 1.19346291e+02
    3.32442871e+02 4.93764801e+01 1.70104599e+02 5.39734306e+01
    2.16171967e+02 4.91877365e+01 2.78361176e+02 7.06630630e+01
    3.39096741e+02 3.22289093e+02 2.86335999e+02 3.27376556e+02
    3.41252014e+02 3.32808746e+02 3.97025360e+02 3.38264679e+02
    4.53028381e+02 2.67468353e+02 2.91259583e+02 2.72507629e+02
    3.46420227e+02 2.77518982e+02 4.02421692e+02 2.82584595e+02
    4.58786743e+02 2.12857056e+02 2.96446198e+02 2.17464905e+02
    3.51348572e+02 2.22082703e+02 4.07531921e+02 2.26749451e+02
    4.64550995e+02 1.57896255e+02 3.01154755e+02 1.62145020e+02
    3.56496979e+02 1.66255661e+02 4.12721405e+02 1.70288910e+02
    4.69816620e+02 3.12485291e+02 1.94276001e+02 3.31187988e+02
    2.42705185e+02 3.49213837e+02 2.90290680e+02 3.68655640e+02
    3.37507477e+02 2.64803101e+02 2.12731949e+02 2.83988525e+02
    2.62285004e+02 3.02866333e+02 3.10432709e+02 3.22658081e+02
    3.58652039e+02 2.15563995e+02 2.32040619e+02 2.35417130e+02
    2.82189148e+02 2.54889114e+02 3.31412964e+02 2.75071106e+02
    3.80432312e+02 1.64263214e+02 2.51864883e+02 1.84594330e+02
    3.03117950e+02 2.04749008e+02 3.53019806e+02 2.25175598e+02
    4.02884918e+02 1.90077698e+02 2.81213959e+02 1.95519730e+02
    3.34153076e+02 2.01099167e+02 3.91142822e+02 2.05665115e+02
    4.45314758e+02 1.34738663e+02 2.85688995e+02 1.40426605e+02
    3.41360199e+02 1.45422806e+02 3.96653046e+02 1.49525024e+02
    4.53606567e+02 7.90765839e+01 2.91734772e+02 8.41300430e+01
    3.46929016e+02 8.85840378e+01 4.03622803e+02 9.21731415e+01
    4.60254211e+02 2.20016460e+01 2.97300964e+02 2.64591579e+01
    3.53359314e+02 3.02826061e+01 4.10186005e+02 3.34688377e+01
    4.67912842e+02 8.43863907e+01 2.67287994e+02 1.35308548e+02
    2.72588257e+02 1.88127838e+02 2.78171631e+02 2.42756805e+02
    2.83700562e+02 7.75569305e+01 3.22249176e+02 1.28781509e+02
    3.28151215e+02 1.82066971e+02 3.34268311e+02 2.36871399e+02
    3.40385864e+02 7.13383331e+01 3.78080536e+02 1.23097221e+02
    3.84431458e+02 1.76480133e+02 3.91131683e+02 2.31285538e+02
    3.97278259e+02 6.56001740e+01 4.33749634e+02 1.17759117e+02
    4.40989624e+02 1.71479889e+02 4.47945282e+02 2.27015518e+02
    4.54797607e+02 4.97581329e+01 2.43579865e+02 1.16581848e+02
    2.19190292e+02 1.58655106e+02 2.04540573e+02 2.09922134e+02
    1.75956894e+02 7.83057938e+01 2.93631073e+02 1.29358261e+02
    2.74305237e+02 1.80265167e+02 2.51030243e+02 2.36910019e+02
    2.38382843e+02 1.00207771e+02 3.45462402e+02 1.53458572e+02
    3.24800995e+02 2.05652008e+02 3.06295532e+02 2.54357437e+02
    2.78845123e+02 1.22885345e+02 3.96740936e+02 1.75228821e+02
    3.76275818e+02 2.26873581e+02 3.55194458e+02 2.81484924e+02
    3.40952850e+02 3.48289108e+01 2.45502350e+02 8.46171494e+01
    2.19054092e+02 1.37499512e+02 1.95004166e+02 1.84326431e+02
    1.67046555e+02 6.15339890e+01 2.94990112e+02 1.13082321e+02
    2.69479034e+02 1.60545547e+02 2.42346909e+02 2.13949890e+02
    2.18374115e+02 8.88713913e+01 3.44303680e+02 1.39141830e+02
    3.17894562e+02 1.89334595e+02 2.93029358e+02 2.35788406e+02
    2.64729095e+02 1.15301926e+02 3.93000305e+02 1.65663284e+02
    3.66963715e+02 2.14573227e+02 3.40656769e+02 2.64284332e+02
    3.15500244e+02 9.26571274e+00 2.65174774e+02 5.67498817e+01
    2.31163834e+02 1.02469864e+02 1.98779999e+02 1.46562408e+02
    1.67245010e+02 4.36228180e+01 3.08881592e+02 9.05052872e+01
    2.74605835e+02 1.35280167e+02 2.41639954e+02 1.78845078e+02
    2.09543594e+02 7.79878387e+01 3.52998749e+02 1.24127563e+02
    3.17996521e+02 1.68449738e+02 2.84428528e+02 2.11343994e+02
    2.51720322e+02 1.12523148e+02 3.97142303e+02 1.58006454e+02
    3.61638153e+02 2.01697357e+02 3.27372864e+02 2.44124069e+02
    2.94231567e+02 2.59665432e+01 2.53689011e+02 7.43668365e+01
    2.22262054e+02 1.21240898e+02 1.92177338e+02 1.64829987e+02
    1.62565369e+02 5.77830009e+01 2.98462097e+02 1.05610291e+02
    2.66729218e+02 1.51568298e+02 2.35846542e+02 1.97036118e+02
    2.05653137e+02 8.94949265e+01 3.44289246e+02 1.37361923e+02
