<?xml version="1.0"?>
<opencv_storage>
<calibration_Time>"Mon Jul 21 11:19:50 2014"</calibration_Time>
<nrOfFrames>10</nrOfFrames>
<image_Width>640</image_Width>
<image_Height>480</image_Height>
<board_Width>4</board_Width>
<board_Height>4</board_Height>
<square_Size>20.</square_Size>
<FixAspectRatio>1.</FixAspectRatio>
<!-- flags:  +fix_aspectRatio +fix_principal_point +zero_tangent_dist -->
<flagValue>14</flagValue>
<Camera_Matrix type_id="opencv-matrix">
  <rows>3</rows>
  <cols>3</cols>
  <dt>d</dt>
  <data>
    1.3323829144820857e+03 0. 3.1950000000000000e+02 0.
    1.3323829144820857e+03 2.3950000000000000e+02 0. 0. 1.</data></Camera_Matrix>
<Distortion_Coefficients type_id="opencv-matrix">
  <rows>5</rows>
  <cols>1</cols>
  <dt>d</dt>
  <data>
    1.3931725952896459e-01 6.3079866768960349e+00 0. 0.
    -7.8972017812025811e+01</data></Distortion_Coefficients>
<Avg_Reprojection_Error>5.6114617530002553e-01</Avg_Reprojection_Error>
<Per_View_Reprojection_Errors type_id="opencv-matrix">
  <rows>10</rows>
  <cols>1</cols>
  <dt>f</dt>
  <data>
    4.81847405e-01 9.74247277e-01 5.07839024e-01 2.60244370e-01
    6.11097753e-01 2.30318740e-01 7.94012845e-01 5.51005781e-01
    2.99768597e-01 4.37579483e-01</data></Per_View_Reprojection_Errors>
<!-- a set of 6-tuples (rotation vector + translation vector)for each view -->
<Extrinsic_Parameters type_id="opencv-matrix">
  <rows>10</rows>
  <cols>6</cols>
  <dt>d</dt>
  <data>
    2.3194541043479461e-01 -5.3988338302353382e-02
    -4.1637108798146050e-01 -2.6244525922143723e+01
    2.6592621613863209e+01 4.9747799047264169e+02 3.9013406820707697e-01
    -1.9571513879381458e-01 1.0998531970521503e+00
    1.5601756534608173e+01 -4.6958597453595603e+00
    4.6286660123029753e+02 6.4174924751963125e-02 1.5113800139177375e-01
    1.2624777933072897e+00 -1.9765138812789186e+01
    -3.8848248679710728e+01 5.0756655941984434e+02
    -3.8363421600585042e-02 1.2625214764866349e-01
    8.3931510523542263e-01 -2.1092640482695812e+00
    -1.5995386427028210e-01 5.0540860813102785e+02
    -2.4996112044653807e-01 1.3455223091482832e-01
    1.1982090252895421e+00 2.6511254201658776e+01
    -6.2220287081794456e+00 4.8558948166865724e+02
    6.6952304650120522e-03 1.3598223688514266e-01 2.8904451882642297e-02
    -2.3327911182504597e+01 2.9596150907256984e+01
    6.1700252691577646e+02 -8.5065053455523412e-02
    -9.0396861760179012e-02 1.3471701691253228e+00
    6.4967744493358140e+01 -3.9874493644811775e+00
    4.5563410980958332e+02 -8.7336552339766116e-02
    -1.5438486603923482e-01 -1.5345829274746685e+00
    8.5481158604044882e+00 4.2341562919536450e+01 4.4036150284269149e+02
    -6.7534420615188870e-02 -3.9284704102541722e-02
    -1.4220864034367506e+00 1.7464986692286313e+01
    5.6613097669207825e+01 4.3240512905272629e+02
    -3.2407777131049462e-02 -4.0745081432058565e-02
    -1.4409095317877336e+00 2.1136746901103244e+01
    5.4412149129008156e+01 4.4432778891444281e+02</data></Extrinsic_Parameters>
<Image_points type_id="opencv-matrix">
  <rows>10</rows>
  <cols>16</cols>
  <dt>"2f"</dt>
  <data>
    2.48490356e+02 3.10743713e+02 2.98021423e+02 2.88993134e+02
    3.47093445e+02 2.67011261e+02 3.96500580e+02 2.45504868e+02
    2.70456482e+02 3.57203003e+02 3.19258331e+02 3.35567169e+02
    3.67809662e+02 3.14157684e+02 4.16610260e+02 2.92721832e+02
    2.91840515e+02 4.03047363e+02 3.40211090e+02 3.81445465e+02
    3.88100159e+02 3.60131042e+02 4.35987000e+02 3.39485809e+02
    3.13510254e+02 4.49659332e+02 3.61072968e+02 4.27216858e+02
    4.08235596e+02 4.05737305e+02 4.55548553e+02 3.84585205e+02
    3.64323853e+02 2.26178574e+02 3.89921387e+02 2.74262543e+02
    4.13531982e+02 3.19426575e+02 4.36167725e+02 3.63158478e+02
    3.12163361e+02 2.49058899e+02 3.38361908e+02 2.95280640e+02
    3.62732422e+02 3.39478058e+02 3.85959991e+02 3.83010834e+02
    2.61517242e+02 2.70947388e+02 2.88399658e+02 3.16095062e+02
    3.13209839e+02 3.60034332e+02 3.37254974e+02 4.04578522e+02
    2.12557068e+02 2.92349182e+02 2.39314636e+02 3.37154846e+02
    2.64717651e+02 3.81507751e+02 2.88602448e+02 4.26946411e+02
    2.67730591e+02 1.37195007e+02 2.83293304e+02 1.87291000e+02
    2.98982330e+02 2.37344849e+02 3.14769104e+02 2.88361908e+02
    2.17959381e+02 1.54078140e+02 2.33091782e+02 2.03234573e+02
    2.48669891e+02 2.53643921e+02 2.64301086e+02 3.03929901e+02
    1.69351791e+02 1.70136292e+02 1.84239853e+02 2.19337631e+02
    1.99371552e+02 2.69096313e+02 2.14911270e+02 3.19440491e+02
    1.21623337e+02 1.86473587e+02 1.35911484e+02 2.35137192e+02
    1.50782608e+02 2.84619263e+02 1.65821213e+02 3.34477417e+02
    3.14140076e+02 2.38889236e+02 3.49123535e+02 2.78290680e+02
    3.84100677e+02 3.17949402e+02 4.20296509e+02 3.58085724e+02
    2.75023346e+02 2.73934052e+02 3.09436676e+02 3.13800812e+02
    3.44616455e+02 3.53615356e+02 3.80123627e+02 3.93855865e+02
    2.35311615e+02 3.09394348e+02 2.70140472e+02 3.49356598e+02
    3.04662415e+02 3.89333282e+02 3.40558380e+02 4.29920959e+02
    1.96186447e+02 3.44765167e+02 2.30438339e+02 3.85094177e+02
    2.65199066e+02 4.25268616e+02 3.00455475e+02 4.66069550e+02
    3.90770905e+02 2.21816727e+02 4.12962769e+02 2.72214142e+02
    4.34517731e+02 3.23182220e+02 4.56464020e+02 3.76151031e+02
    3.41154510e+02 2.41037628e+02 3.61628601e+02 2.91568054e+02
    3.82685059e+02 3.43114899e+02 4.03713165e+02 3.96088135e+02
    2.89360138e+02 2.60206085e+02 3.10167206e+02 3.10945404e+02
    3.29986328e+02 3.62714203e+02 3.50566620e+02 4.16264282e+02
    2.38042252e+02 2.79255402e+02 2.57012512e+02 3.30544800e+02
    2.76693573e+02 3.82605957e+02 2.96126282e+02 4.36054871e+02
    2.69213013e+02 3.03878296e+02 3.11891327e+02 3.05058228e+02
    3.54875854e+02 3.06674225e+02 3.98596436e+02 3.07853394e+02
    2.67733704e+02 3.46633545e+02 3.10613312e+02 3.48508118e+02
    3.53855499e+02 3.49954407e+02 3.97453583e+02 3.51953033e+02
    2.66564056e+02 3.90154327e+02 3.09336517e+02 3.92087769e+02
    3.52557404e+02 3.94287872e+02 3.96425232e+02 3.96160645e+02
    2.65065308e+02 4.33328735e+02 3.08086975e+02 4.35907501e+02
    3.51318451e+02 4.38118500e+02 3.95235565e+02 4.40499695e+02
    5.09715302e+02 2.28220718e+02 5.23286011e+02 2.84947540e+02
    5.36763489e+02 3.41733826e+02 5.50944580e+02 3.99986206e+02
    4.54342651e+02 2.41213806e+02 4.66292145e+02 2.98055939e+02
    4.79783081e+02 3.55452423e+02 4.93586884e+02 4.13858093e+02
    3.97311127e+02 2.53844681e+02 4.09936493e+02 3.11244110e+02
    4.22588776e+02 3.68852844e+02 4.36391693e+02 4.28062378e+02
    3.41509766e+02 2.67087891e+02 3.52409058e+02 3.24612366e+02
    3.65108826e+02 3.82689056e+02 3.77915710e+02 4.42047760e+02
    3.45706482e+02 3.66811951e+02 3.47260834e+02 3.07210083e+02
    3.48424316e+02 2.48178665e+02 3.49355194e+02 1.89707672e+02
    4.06160706e+02 3.69608093e+02 4.07167114e+02 3.09466278e+02
    4.08077637e+02 2.50362366e+02 4.08727600e+02 1.91346954e+02
    4.66241577e+02 3.72253876e+02 4.67093201e+02 3.11958313e+02
    4.67666931e+02 2.52431992e+02 4.67937439e+02 1.93353027e+02
    5.26754883e+02 3.75137634e+02 5.27646423e+02 3.14343323e+02
    5.27717529e+02 2.54760178e+02 5.27504150e+02 1.94916260e+02
    3.73492096e+02 4.14544861e+02 3.82416046e+02 3.52925568e+02
    3.91013641e+02 2.91831909e+02 3.99356232e+02 2.31744049e+02
    4.35108887e+02 4.24377655e+02 4.43780670e+02 3.62445282e+02
    4.52215515e+02 3.01341827e+02 4.60582581e+02 2.40491302e+02
    4.97425537e+02 4.34168823e+02 5.05879089e+02 3.72146179e+02
    5.14356873e+02 3.10534241e+02 5.22444702e+02 2.49762756e+02
    5.59904907e+02 4.44684479e+02 5.68096436e+02 3.81713715e+02
    5.76249573e+02 3.20223114e+02 5.84448364e+02 2.58752441e+02
    3.82494293e+02 4.03589050e+02 3.90316101e+02 3.43259460e+02
    3.98088623e+02 2.83478088e+02 4.06016907e+02 2.25113678e+02
    4.42623596e+02 4.11694824e+02 4.50202484e+02 3.51070801e+02
    4.57612091e+02 2.91462341e+02 4.65274536e+02 2.32423248e+02
