<?xml version="1.0"?>
<opencv_storage>
<calibration_Time>"Mon Jul 21 11:20:39 2014"</calibration_Time>
<nrOfFrames>10</nrOfFrames>
<image_Width>640</image_Width>
<image_Height>480</image_Height>
<board_Width>4</board_Width>
<board_Height>4</board_Height>
<square_Size>20.</square_Size>
<FixAspectRatio>1.</FixAspectRatio>
<!-- flags:  +fix_aspectRatio +fix_principal_point +zero_tangent_dist -->
<flagValue>14</flagValue>
<Camera_Matrix type_id="opencv-matrix">
  <rows>3</rows>
  <cols>3</cols>
  <dt>d</dt>
  <data>
    8.5876144282512394e+02 0. 3.1950000000000000e+02 0.
    8.5876144282512394e+02 2.3950000000000000e+02 0. 0. 1.</data></Camera_Matrix>
<Distortion_Coefficients type_id="opencv-matrix">
  <rows>5</rows>
  <cols>1</cols>
  <dt>d</dt>
  <data>
    -2.7783209311357038e-01 2.5544631998380657e-01 0. 0.
    5.4563176625158309e+00</data></Distortion_Coefficients>
<Avg_Reprojection_Error>1.1696475171557561e+00</Avg_Reprojection_Error>
<Per_View_Reprojection_Errors type_id="opencv-matrix">
  <rows>10</rows>
  <cols>1</cols>
  <dt>f</dt>
  <data>
    1.48115873e+00 2.51252317e+00 4.47703004e-01 3.95752549e-01
    4.36351299e-01 3.67261201e-01 5.31617045e-01 4.15324658e-01
    1.79183614e+00 9.08855915e-01</data></Per_View_Reprojection_Errors>
<!-- a set of 6-tuples (rotation vector + translation vector)for each view -->
<Extrinsic_Parameters type_id="opencv-matrix">
  <rows>10</rows>
  <cols>6</cols>
  <dt>d</dt>
  <data>
    -1.3794401034794934e-01 1.4202913098538303e-01
    1.3514967739366381e+00 -3.9193782745131962e+01
    -7.0010449252144342e+00 3.0231813159057572e+02
    -2.9689297092986272e-01 1.3569055070712346e-01
    8.4223721367754167e-01 -4.3079591969544623e+01
    1.0070392430722904e+01 3.6983788531931572e+02
    -1.3262515742080050e-01 -5.3686625858025840e-02
    7.5369261411977154e-02 -5.0005923443386855e+01
    -4.7425851616146090e+01 3.4201469947870271e+02
    -1.5053921357910960e-01 -1.5619085117104686e-01
    -1.4312293568445238e+00 -3.5679495990266624e+01
    6.8190645110244432e+01 3.2109099302242322e+02
    -2.9609755141649469e-01 -1.5310474145401605e-02
    -3.4354028066583292e-01 -1.2594716302963951e+02
    1.2784512820803249e+01 3.7832021074890810e+02
    -2.1011160272715060e-01 4.1980470680185421e-03
    -3.9268570317635676e-01 -9.1623551170879637e+01
    -2.0289280299728523e+00 3.9711235200349415e+02
    -3.0700583448566005e-01 7.3947699639694053e-02
    -1.1682733745768388e+00 -1.0767772123703782e+02
    3.4100518495139646e+01 3.7254129589060068e+02
    -1.7824884151965092e-01 1.8228760085510037e-01
    2.9600688977158296e-01 -6.9151327563337063e+01
    -4.6047042401059803e+00 3.3981206576650754e+02
    -8.4873796769987672e-02 1.7551101430450694e-01
    7.1740261540592365e-01 -5.3703782064442699e+01
    -1.5691488017986734e+01 3.1878691519380220e+02
    -1.3825921412081246e-01 6.2098921829168170e-03
    -4.5389890823647905e-01 -7.9590513929684406e+01
    4.4945615701119301e+00 3.0525861030491922e+02</data></Extrinsic_Parameters>
<Image_points type_id="opencv-matrix">
  <rows>10</rows>
  <cols>16</cols>
  <dt>"2f"</dt>
  <data>
    2.08552109e+02 2.20512512e+02 2.18046783e+02 2.73817627e+02
    2.30632965e+02 3.29639526e+02 2.42112564e+02 3.89089325e+02
    1.53457504e+02 2.32008591e+02 1.65694107e+02 2.85639465e+02
    1.73716553e+02 3.41798492e+02 1.86342712e+02 3.98951447e+02
    1.01690979e+02 2.44457062e+02 1.08486031e+02 2.97331818e+02
    1.21474121e+02 3.53106934e+02 1.28414886e+02 4.11073700e+02
    4.47979164e+01 2.55388596e+02 5.64678421e+01 3.09926117e+02
    6.17396164e+01 3.65257874e+02 7.40536499e+01 4.23876404e+02
    2.19842468e+02 2.62232025e+02 2.49530121e+02 2.95775879e+02
    2.80290192e+02 3.30564880e+02 3.11422241e+02 3.66458893e+02
    1.84670456e+02 2.91940460e+02 2.14101227e+02 3.26400299e+02
    2.44392227e+02 3.61975861e+02 2.75271790e+02 3.98989197e+02
    1.48268570e+02 3.22204865e+02 1.77434738e+02 3.57513641e+02
    2.07334793e+02 3.94047058e+02 2.37794983e+02 4.31798401e+02
    1.10496590e+02 3.53248505e+02 1.39181091e+02 3.89376312e+02
    1.68676605e+02 4.26947754e+02 200. 453. 1.94818909e+02
    1.21836418e+02 2.44254776e+02 1.25385994e+02 2.94043396e+02
    1.29509048e+02 3.43811005e+02 1.33108139e+02 1.90373169e+02
    1.70315308e+02 2.40580734e+02 1.74280334e+02 2.89945557e+02
    1.78131668e+02 3.40499512e+02 1.82401917e+02 1.86117966e+02
    2.19119156e+02 2.35763443e+02 2.23227051e+02 2.86364838e+02
    2.27397156e+02 3.36885376e+02 2.31584335e+02 1.80687820e+02
    2.69269623e+02 2.32105545e+02 2.73492157e+02 2.82373688e+02
    2.77995850e+02 3.33743530e+02 2.82340424e+02 2.25216019e+02
    4.19753662e+02 2.33035751e+02 3.67403351e+02 2.40982010e+02
    3.15585724e+02 2.48799591e+02 2.64881439e+02 2.77700836e+02
    4.27054962e+02 2.84876221e+02 3.74578644e+02 2.92213867e+02
    3.22732025e+02 2.99529449e+02 2.71753998e+02 3.29891724e+02
    4.34044769e+02 3.36537292e+02 3.81412262e+02 3.43494568e+02
    3.29619354e+02 3.50090729e+02 2.78605408e+02 3.82310760e+02
    4.40786102e+02 3.88491547e+02 3.88300903e+02 3.94703766e+02
    3.36305359e+02 4.00731873e+02 2.85154480e+02 3.92616844e+01
    2.67515045e+02 8.18093338e+01 2.52720993e+02 1.23643646e+02
    2.38512466e+02 1.64510406e+02 2.24024460e+02 5.02997284e+01
    3.09055786e+02 9.26260986e+01 2.94358063e+02 1.35430130e+02
    2.79305176e+02 1.77658646e+02 2.64561218e+02 6.08512077e+01
    3.51769196e+02 1.04809807e+02 3.36164398e+02 1.47591202e+02
    3.21270142e+02 1.90567398e+02 3.06089539e+02 7.30556641e+01
    3.95100159e+02 1.17341957e+02 3.79325989e+02 1.60988693e+02
    3.63621246e+02 2.03722000e+02 3.48409668e+02 1.23805809e+02
    2.35406067e+02 1.63209534e+02 2.18729523e+02 2.01739426e+02
    2.02630280e+02 2.41583527e+02 1.86139694e+02 1.38522827e+02
    2.74060150e+02 1.77991409e+02 2.57764618e+02 2.17880569e+02
    2.41184921e+02 2.57235718e+02 2.24975967e+02 1.52669464e+02
    3.13663452e+02 1.92811081e+02 2.97278961e+02 2.33345657e+02
    2.80595703e+02 2.73552094e+02 2.64042786e+02 1.67262482e+02
    3.54254944e+02 2.08009125e+02 3.37971405e+02 2.48957977e+02
    3.21255432e+02 2.89916656e+02 3.04713165e+02 7.53045959e+01
    3.16526001e+02 9.45222626e+01 2.74850891e+02 1.13335846e+02
    2.33664825e+02 1.32008789e+02 1.93429916e+02 1.12532173e+02
    3.34609100e+02 1.31622864e+02 2.91851471e+02 1.50244049e+02
    2.50087265e+02 1.68729141e+02 2.08697433e+02 1.51195480e+02
    3.53005310e+02 1.69822205e+02 3.09542938e+02 1.88400528e+02
    2.66812439e+02 2.06588058e+02 2.24492096e+02 1.91274017e+02
    3.72180389e+02 2.09884232e+02 3.27727692e+02 2.28233002e+02
    2.84248108e+02 2.46592484e+02 2.41074051e+02 1.46683640e+02
    2.28212387e+02 1.91234497e+02 2.41705994e+02 2.37570206e+02
    2.55864594e+02 2.85573975e+02 2.70459839e+02 1.30572281e+02
    2.75198395e+02 1.75422928e+02 2.89629181e+02 2.21670273e+02
    3.04598907e+02 2.69792694e+02 3.20070526e+02 1.13928078e+02
    3.22695221e+02 1.59022110e+02 3.38063202e+02 2.05592743e+02
    3.53969788e+02 2.53867783e+02 3.70177856e+02 9.66747971e+01
    3.71385773e+02 1.41828705e+02 3.87661133e+02 1.89095871e+02
    4.04267578e+02 2.37434891e+02 4.21322296e+02 1.71903473e+02
    1.99882233e+02 2.14207901e+02 2.32011276e+02 2.52486816e+02
    2.65350830e+02 2.95744385e+02 3.06022797e+02 1.41250061e+02
    2.39123535e+02 1.78875946e+02 2.71753632e+02 2.18014618e+02
    3.07806915e+02 2.56872498e+02 3.45431763e+02 1.07358429e+02
    2.77119690e+02 1.43860687e+02 3.11862061e+02 1.81852539e+02
    3.48551270e+02 2.20591278e+02 3.87322327e+02 7.25847092e+01
    3.17508301e+02 1.08500038e+02 3.51986633e+02 1.45609528e+02
    3.89024017e+02 1.83244431e+02 4.28235077e+02 9.98324966e+01
    2.50704529e+02 1.48062469e+02 2.28191879e+02 1.96227097e+02
    2.04350845e+02 2.49170395e+02 1.78957489e+02 1.21594109e+02
    3.01954559e+02 1.70237335e+02 2.77576263e+02 2.21037888e+02
    2.52477890e+02 2.70193695e+02 2.28608154e+02 1.44267609e+02
