<?xml version="1.0"?>
<opencv_storage>
<calibration_Time>"Wed Jul 16 15:11:30 2014"</calibration_Time>
<nrOfFrames>5</nrOfFrames>
<image_Width>640</image_Width>
<image_Height>480</image_Height>
<board_Width>4</board_Width>
<board_Height>4</board_Height>
<square_Size>20.</square_Size>
<FixAspectRatio>1.</FixAspectRatio>
<!-- flags:  +fix_aspectRatio +fix_principal_point +zero_tangent_dist -->
<flagValue>14</flagValue>
<Camera_Matrix type_id="opencv-matrix">
  <rows>3</rows>
  <cols>3</cols>
  <dt>d</dt>
  <data>
    6.1905267419663289e+02 0. 3.1950000000000000e+02 0.
    6.1905267419663289e+02 2.3950000000000000e+02 0. 0. 1.</data></Camera_Matrix>
<Distortion_Coefficients type_id="opencv-matrix">
  <rows>5</rows>
  <cols>1</cols>
  <dt>d</dt>
  <data>
    -1.9939582664743044e-01 4.9727338196550863e-01 0. 0.
    -5.4030457572273016e-01</data></Distortion_Coefficients>
<Avg_Reprojection_Error>5.8261474971063609e-01</Avg_Reprojection_Error>
<Per_View_Reprojection_Errors type_id="opencv-matrix">
  <rows>5</rows>
  <cols>1</cols>
  <dt>f</dt>
  <data>
    1.03294134e+00 6.19223893e-01 2.68846095e-01 1.82030067e-01
    3.76006007e-01</data></Per_View_Reprojection_Errors>
<!-- a set of 6-tuples (rotation vector + translation vector)for each view -->
<Extrinsic_Parameters type_id="opencv-matrix">
  <rows>5</rows>
  <cols>6</cols>
  <dt>d</dt>
  <data>
    -3.1172136562682728e-01 2.6798235027625145e-01
    1.4511960631837255e+00 -6.6154278025898279e+01
    1.8875848250573203e+01 2.8406532632806682e+02
    -3.4950798543934958e-01 2.8147260482370907e-02
    -9.3506039897346294e-02 -8.6314810555325948e+01
    2.7096283641087894e+01 3.0126951337029135e+02
    -5.0588306779688408e-01 3.3066405379442393e-01
    1.2785960288269510e-01 8.5101381239762958e+01 4.7234662162714969e+01
    3.2483738746362559e+02 -4.4015600428618828e-01
    3.1548746830421098e-01 8.2919225719711803e-02 7.0742207767221217e+01
    4.2452428375470120e+01 3.2293825798807444e+02
    -5.6765882212194974e-01 3.4791225054813003e-02
    7.5353126964745082e-02 8.8524803211397895e+01 4.0411057073817787e+01
    3.1129767656111522e+02</data></Extrinsic_Parameters>
<Image_points type_id="opencv-matrix">
  <rows>5</rows>
  <cols>16</cols>
  <dt>"2f"</dt>
  <data>
    1.76714981e+02 2.80784576e+02 1.78410431e+02 3.22041565e+02
    1.79300964e+02 3.66100342e+02 1.81289795e+02 4.11099518e+02
    1.34027451e+02 2.83710907e+02 1.32964386e+02 3.26917297e+02
    1.34759735e+02 3.69161957e+02 1.32933838e+02 4.18238251e+02
    9.17884979e+01 2.87615479e+02 9.06026993e+01 3.29609467e+02
    9.00103836e+01 3.73597565e+02 8.92331390e+01 4.19005585e+02
    4.93976250e+01 2.92410400e+02 4.72073135e+01 3.33867615e+02
    4.54471626e+01 3.77536957e+02 4.21378288e+01 4.25321289e+02
    1.44543579e+02 2.94833374e+02 1.84522705e+02 2.90628906e+02
    2.23425323e+02 2.86993744e+02 2.65057220e+02 2.83284149e+02
    1.45803925e+02 3.34137573e+02 1.84307404e+02 3.30833893e+02
    2.25956131e+02 3.26846252e+02 2.67358612e+02 3.23479279e+02
    1.43311050e+02 3.75936951e+02 1.86448807e+02 3.72411591e+02
    2.27499054e+02 3.68804596e+02 2.70495789e+02 3.65463470e+02
    1.44746689e+02 4.18450256e+02 1.86800949e+02 4.15191650e+02
    2.29868103e+02 4.12043579e+02 2.72973419e+02 4.08714294e+02
    4.79053833e+02 3.28242554e+02 5.17904785e+02 3.31411835e+02
    5.57900818e+02 3.34461487e+02 6.00064514e+02 3.37712708e+02
    4.75632385e+02 3.63731049e+02 5.15392456e+02 3.67836975e+02
    5.56546509e+02 3.71932281e+02 5.99606384e+02 3.75753479e+02
    4.72273834e+02 4.01569580e+02 5.12838379e+02 4.06480103e+02
    5.55142334e+02 4.11394745e+02 5.99461426e+02 4.16163818e+02
    4.68356995e+02 4.41537872e+02 5.10201874e+02 4.47327179e+02
    5.53540161e+02 4.53214294e+02 5.99158813e+02 4.59078735e+02
    4.53450867e+02 3.20101227e+02 4.92163544e+02 3.21716370e+02
    5.32018616e+02 3.23600281e+02 5.73502563e+02 3.25268372e+02
    4.50811951e+02 3.56575317e+02 4.90591095e+02 3.59197937e+02
    5.31342102e+02 3.61734894e+02 5.73873352e+02 3.64039978e+02
    4.48484955e+02 3.95265320e+02 4.88817871e+02 3.98621338e+02
    5.30677917e+02 4.01888885e+02 5.74485229e+02 4.05232544e+02
    4.45536407e+02 4.35635651e+02 4.86931305e+02 4.39801941e+02
    5.29859375e+02 4.44067291e+02 5.74807617e+02 4.48484558e+02
    4.92564026e+02 3.18948608e+02 5.31519653e+02 3.21170197e+02
    5.70163940e+02 3.23582611e+02 6.09541138e+02 3.25700500e+02
    4.95439850e+02 3.55025970e+02 5.35411682e+02 3.57511139e+02
    5.75549988e+02 3.59927643e+02 6.16496704e+02 3.62507965e+02
    4.98240234e+02 3.94092468e+02 5.39764465e+02 3.96698792e+02
    5.81404724e+02 3.99173859e+02 6.23468811e+02 4.02077057e+02
    5.00795105e+02 4.36340851e+02 5.43946472e+02 4.39077850e+02
    5.86634094e+02 4.41679260e+02 6.30104858e+02 4.44922333e+02</data></Image_points>
</opencv_storage>
