<?xml version="1.0"?>
<opencv_storage>
<calibration_Time>"Tue Jul 22 17:10:22 2014"</calibration_Time>
<nrOfFrames>10</nrOfFrames>
<image_Width>640</image_Width>
<image_Height>480</image_Height>
<board_Width>4</board_Width>
<board_Height>4</board_Height>
<square_Size>20.</square_Size>
<FixAspectRatio>1.</FixAspectRatio>
<!-- flags:  +fix_aspectRatio +fix_principal_point +zero_tangent_dist -->
<flagValue>14</flagValue>
<Camera_Matrix type_id="opencv-matrix">
  <rows>3</rows>
  <cols>3</cols>
  <dt>d</dt>
  <data>
    5.9140076946982174e+02 0. 3.1950000000000000e+02 0.
    5.9140076946982174e+02 2.3950000000000000e+02 0. 0. 1.</data></Camera_Matrix>
<Distortion_Coefficients type_id="opencv-matrix">
  <rows>5</rows>
  <cols>1</cols>
  <dt>d</dt>
  <data>
    2.2863518584951270e-01 -4.8706147095694012e+00 0. 0.
    2.0876702642069112e+01</data></Distortion_Coefficients>
<Avg_Reprojection_Error>4.4853151571551808e-01</Avg_Reprojection_Error>
<Per_View_Reprojection_Errors type_id="opencv-matrix">
  <rows>10</rows>
  <cols>1</cols>
  <dt>f</dt>
  <data>
    5.66343129e-01 5.42909503e-01 5.36436260e-01 4.67287630e-01
    3.67168695e-01 3.87710094e-01 3.18313062e-01 2.82066703e-01
    4.47903454e-01 4.72815037e-01</data></Per_View_Reprojection_Errors>
<!-- a set of 6-tuples (rotation vector + translation vector)for each view -->
<Extrinsic_Parameters type_id="opencv-matrix">
  <rows>10</rows>
  <cols>6</cols>
  <dt>d</dt>
  <data>
    -6.6686413667146921e-02 -3.2671333088553528e-01
    2.1303337474682507e-02 -5.4137823107030776e+01
    -1.5199115935287024e+01 4.1452616391186535e+02
    -8.8121847897900021e-02 -3.4337490009409594e-01
    -1.3922379180607188e-02 -6.3996892200384806e+01
    -1.6614619277987746e+01 4.1404154491876074e+02
    -8.1292355079930309e-02 -3.1901616553555689e-01
    -1.9852857681753818e-02 -6.5419251421183759e+01
    -1.4968234611898080e+01 4.1163082030696631e+02
    -7.3321136334904224e-02 -1.2901139809448939e-01
    1.8846917807399063e-01 -2.4371652906278516e+01
    -7.6810410452701285e+00 3.8645282162987263e+02
    -2.4989430999207010e-01 -2.6075128583380136e-01
    9.1395445376621764e-01 -8.6911614300176538e+01
    -2.0590246222257068e+01 3.9024488692366447e+02
    -3.7156205637420225e-01 -4.0474047401963348e-01
    1.4214520612093202e+00 1.5850709123704684e+01
    -1.0744223566892201e+01 4.2306918308837800e+02
    -2.6745696433543587e-01 -5.2750378643652440e-01
    1.3596594607346753e+00 8.8325672480000126e+00
    -9.0629945879493299e+00 4.0072350060472581e+02
    -5.8013351860716933e-01 -5.5238893787198518e-01
    1.2351014979796349e+00 -3.8888505179688437e+01
    -2.3728297632623843e+01 3.6058279203072971e+02
    -3.3083259856446778e-01 -1.9476373173709616e-01
    1.4263635987671885e+00 -1.1915760696420376e+01
    -3.3058554452750094e+01 3.7974027670118915e+02
    -7.5653342096032847e-02 -1.6626956082511152e-01
    -7.9311598892999199e-02 -6.3137071372547254e+01
    -2.8290792246403960e+01 3.6731924450697409e+02</data></Extrinsic_Parameters>
<Image_points type_id="opencv-matrix">
  <rows>10</rows>
  <cols>16</cols>
  <dt>"2f"</dt>
  <data>
    2.41283737e+02 2.17747818e+02 2.70033295e+02 2.18480438e+02
    2.96911865e+02 2.20944351e+02 3.23244415e+02 2.20875870e+02
    2.41361557e+02 2.45882782e+02 2.69910156e+02 2.48056519e+02
    2.96753174e+02 2.47619644e+02 3.22829376e+02 2.49092499e+02
    2.41048965e+02 2.75404266e+02 2.69455170e+02 2.74839325e+02
    2.96369476e+02 2.76110931e+02 3.22829742e+02 2.75672729e+02
    2.40326492e+02 3.03587616e+02 2.68691223e+02 3.04376221e+02
    2.95899841e+02 3.03428802e+02 3.21781738e+02 3.03893005e+02
    2.27264450e+02 2.16023285e+02 2.55929474e+02 2.15676270e+02
    2.82878662e+02 2.17336685e+02 3.09411804e+02 2.16434280e+02
    2.28159134e+02 2.43626007e+02 2.56485260e+02 2.44937912e+02
    2.83999695e+02 2.43632843e+02 3.10192230e+02 2.44614563e+02
    2.28613495e+02 2.73169739e+02 2.57300323e+02 2.72121124e+02
    2.84561493e+02 2.72537445e+02 3.10642975e+02 2.71155029e+02
    2.29406662e+02 3.01708954e+02 2.57542328e+02 3.01564667e+02
    2.85068695e+02 2.99854187e+02 3.10949493e+02 2.99308685e+02
    2.24671814e+02 2.18185211e+02 2.53486771e+02 2.17644562e+02
    2.81297729e+02 2.19133575e+02 3.07942383e+02 2.17858658e+02
    2.25856461e+02 2.45983932e+02 2.54414413e+02 2.47106064e+02
    2.82252716e+02 2.45590912e+02 3.08767303e+02 2.46269012e+02
    2.26370911e+02 2.75780853e+02 2.55143890e+02 2.74562561e+02
    2.82974854e+02 2.74570374e+02 3.09598053e+02 2.72885010e+02
    2.27087967e+02 3.04532227e+02 2.55756699e+02 3.04063263e+02
    2.83501373e+02 3.02162628e+02 3.09922272e+02 3.01525604e+02
    2.82191284e+02 2.28339310e+02 3.12756958e+02 2.33267395e+02
    3.41205231e+02 2.39700974e+02 3.70607147e+02 2.44849045e+02
    2.76420410e+02 2.57567566e+02 3.06457092e+02 2.63987701e+02
    3.36487976e+02 2.68659088e+02 3.65190338e+02 2.75061279e+02
    2.70216705e+02 2.88648315e+02 3.01195526e+02 2.93443207e+02
    3.30480591e+02 2.99403015e+02 3.60647461e+02 3.04500122e+02
    2.64550964e+02 3.18780121e+02 2.94615692e+02 3.24586029e+02
    3.25269012e+02 3.29687347e+02 3.54593292e+02 3.35315308e+02
    1.87475876e+02 2.08008224e+02 2.05725906e+02 2.32825348e+02
    2.23415283e+02 2.56592957e+02 2.42304276e+02 2.81097839e+02
    1.63244278e+02 2.26151077e+02 1.81184189e+02 2.50311264e+02
    2.00156952e+02 2.75018158e+02 2.17951797e+02 2.98998260e+02
    1.37427032e+02 2.43693863e+02 1.56644516e+02 2.68978546e+02
    1.74973755e+02 2.93351410e+02 1.94008392e+02 3.18175110e+02
    1.11512817e+02 2.62925659e+02 1.30384064e+02 2.87761383e+02
    1.49873428e+02 3.12958313e+02 1.68767914e+02 3.37557007e+02
    3.41251862e+02 2.24288712e+02 3.44189392e+02 2.52446304e+02
    3.47465240e+02 2.79669525e+02 3.50238281e+02 3.07677979e+02
    3.17469757e+02 2.27687027e+02 3.20400421e+02 2.55650772e+02
    3.23285522e+02 2.84428467e+02 3.26234802e+02 3.11993439e+02
    2.91995667e+02 2.29840607e+02 2.95189178e+02 2.60015686e+02
    2.98092072e+02 2.88048126e+02 3.00880432e+02 3.17617950e+02
    2.64740234e+02 2.33787811e+02 2.67921417e+02 2.63407562e+02
    2.71222290e+02 2.93482178e+02 2.74209229e+02 3.22324188e+02
    3.32353821e+02 2.25766357e+02 3.35816437e+02 2.55030792e+02
    3.39198700e+02 2.82483002e+02 3.42347260e+02 3.10442902e+02
    3.07282715e+02 2.32282242e+02 3.10600464e+02 2.61149353e+02
    3.14045593e+02 2.89897736e+02 3.17627472e+02 3.17601471e+02
    2.80149506e+02 2.37503342e+02 2.84408386e+02 2.68398956e+02
    2.88106628e+02 2.96900696e+02 2.91967621e+02 3.25960236e+02
    2.51574677e+02 2.44554901e+02 2.56390594e+02 2.75028717e+02
    2.60603943e+02 3.05315308e+02 2.64888947e+02 3.34192719e+02
    2.55417923e+02 2.00356445e+02 2.63791809e+02 2.32601761e+02
    2.71743866e+02 2.63668579e+02 2.79539825e+02 2.95429169e+02
    2.28936951e+02 2.07043900e+02 2.37420776e+02 2.39433258e+02
    2.46261902e+02 2.72812347e+02 2.54328125e+02 3.04928284e+02
    2.00597946e+02 2.12951416e+02 2.09388123e+02 2.47740753e+02
    2.18460983e+02 2.81602692e+02 2.27142624e+02 3.15751648e+02
    1.69770981e+02 2.21026001e+02 1.79324844e+02 2.56128571e+02
    1.88668228e+02 2.91870483e+02 1.97675949e+02 3.26839966e+02
    3.00800812e+02 1.87418640e+02 3.05278870e+02 2.19111450e+02
    3.09677887e+02 2.49351593e+02 3.13587738e+02 2.81137390e+02
    2.70508789e+02 1.90787735e+02 2.75208771e+02 2.21259720e+02
    2.79828461e+02 2.54020370e+02 2.83695709e+02 2.84963928e+02
    2.39886002e+02 1.92627594e+02 2.43629150e+02 2.25059067e+02
    2.48215942e+02 2.56941559e+02 2.52539200e+02 2.89863647e+02
    2.07368164e+02 1.96457901e+02 2.11635025e+02 2.27827728e+02
    2.15640396e+02 2.61342682e+02 2.19991714e+02 2.93899261e+02
    2.17523804e+02 1.94431488e+02 2.49929062e+02 1.91717590e+02
    2.81556183e+02 1.90521790e+02 3.12966370e+02 1.87775421e+02
    2.19806259e+02 2.25217667e+02 2.52391144e+02 2.23789764e+02
    2.84513947e+02 2.20783615e+02 3.15707275e+02 2.19964905e+02
