<?xml version="1.0"?>
<opencv_storage>
<calibration_Time>"Wed Jul 16 15:28:42 2014"</calibration_Time>
<nrOfFrames>5</nrOfFrames>
<image_Width>640</image_Width>
<image_Height>480</image_Height>
<board_Width>4</board_Width>
<board_Height>4</board_Height>
<square_Size>20.</square_Size>
<FixAspectRatio>1.</FixAspectRatio>
<!-- flags:  +fix_aspectRatio +fix_principal_point +zero_tangent_dist -->
<flagValue>14</flagValue>
<Camera_Matrix type_id="opencv-matrix">
  <rows>3</rows>
  <cols>3</cols>
  <dt>d</dt>
  <data>
    4.6103081067764833e+02 0. 3.1950000000000000e+02 0.
    4.6103081067764833e+02 2.3950000000000000e+02 0. 0. 1.</data></Camera_Matrix>
<Distortion_Coefficients type_id="opencv-matrix">
  <rows>5</rows>
  <cols>1</cols>
  <dt>d</dt>
  <data>
    5.6862433692042851e-02 -5.6298005330876844e-01 0. 0.
    5.9884527649195152e-01</data></Distortion_Coefficients>
<Avg_Reprojection_Error>3.4625753679329598e+00</Avg_Reprojection_Error>
<Per_View_Reprojection_Errors type_id="opencv-matrix">
  <rows>5</rows>
  <cols>1</cols>
  <dt>f</dt>
  <data>
    1.64372575e+00 4.96994686e+00 5.19672334e-01 5.53394079e+00
    1.28467000e+00</data></Per_View_Reprojection_Errors>
<!-- a set of 6-tuples (rotation vector + translation vector)for each view -->
<Extrinsic_Parameters type_id="opencv-matrix">
  <rows>5</rows>
  <cols>6</cols>
  <dt>d</dt>
  <data>
    -4.4842794744973391e-01 7.0305872094403154e-03
    9.8055731065975960e-01 -4.9504786447878928e+01
    -1.2427784981422162e+01 2.1348865277683487e+02
    -8.3813826048074982e-02 5.7204610573784467e-02
    -2.3658761950735166e-01 -1.1395460887845626e+02
    6.8401418972152470e+00 1.8254689254711855e+02
    -1.1220443355580308e-01 1.6739531054859630e-01
    1.7148385411783335e-01 6.7921294514905341e+01
    -1.7758844261750006e+01 1.9850923323074073e+02
    1.5213080979723259e-01 4.0424228852801264e-01 1.3526265139907727e+00
    7.0619343773463854e+01 -9.8631963312782815e+00
    1.5693061308387857e+02 -3.6146564256994251e-01
    -1.8399242664253099e-01 7.1916040315245855e-01
    -5.6962536036181000e+01 -5.9164321410977408e+01
    1.8752951732856118e+02</data></Extrinsic_Parameters>
<Image_points type_id="opencv-matrix">
  <rows>5</rows>
  <cols>16</cols>
  <dt>"2f"</dt>
  <data>
    2.13532791e+02 2.13267044e+02 2.34689209e+02 2.48129578e+02
    2.60232147e+02 2.84526459e+02 2.83299011e+02 3.22375000e+02
    1.72260818e+02 2.31564194e+02 1.95765091e+02 2.68564911e+02
    2.17900391e+02 3.05783081e+02 2.45247314e+02 3.45912811e+02
    1.31824295e+02 2.54698013e+02 1.51846161e+02 2.91230743e+02
    1.77329605e+02 3.32447906e+02 1.99601166e+02 3.72295654e+02
    8.68225174e+01 2.77779572e+02 1.11288727e+02 3.19583649e+02
    1.31643311e+02 3.57793518e+02 1.58974182e+02 4.03006042e+02
    4.01943855e+01 2.58545441e+02 8.09363251e+01 2.45712875e+02
    1.28905914e+02 2.30296326e+02 1.80559143e+02 2.32064117e+02
    4.63890343e+01 3.06218994e+02 9.12598801e+01 2.91515503e+02
    1.36025314e+02 2.77496246e+02 1.85911499e+02 2.62660187e+02
    5.85394363e+01 3.53865265e+02 1.00287979e+02 3.41590729e+02
    1.47120224e+02 3.26313660e+02 1.97550018e+02 3.23995514e+02
    7.04917374e+01 4.03252197e+02 1.15455765e+02 3.92082153e+02
    1.60498581e+02 3.88980103e+02 2.09500000e+02 378. 4.77280731e+02
    1.97645630e+02 5.24336304e+02 2.05150146e+02 5.71177429e+02
    2.12789963e+02 6.18240112e+02 2.20638336e+02 4.70944061e+02
    2.43659668e+02 5.18301453e+02 2.51525208e+02 5.65841980e+02
    2.58957336e+02 6.14172363e+02 2.67010956e+02 4.63791199e+02
    2.90594818e+02 5.11531677e+02 2.98578491e+02 5.59260925e+02
    3.06500031e+02 6.08296265e+02 3.14758881e+02 4.56683563e+02
    3.37950256e+02 5.04417267e+02 3.46063080e+02 5.52333313e+02
    3.54402283e+02 6.01249146e+02 3.62732666e+02 5.24843750e+02
    2.13701614e+02 5.43129395e+02 2.68576294e+02 5.54651245e+02
    3.18064819e+02 5.68605896e+02 3.86956573e+02 4.70146393e+02
    2.24479111e+02 4.75507782e+02 2.83848694e+02 4.94483978e+02
    3.39025116e+02 4.98190125e+02 4.00170746e+02 4.11088440e+02
    2.28491791e+02 4.24488831e+02 2.93150177e+02 4.33341095e+02
    3.38463318e+02 4.45679749e+02 4.06938324e+02 3.61232758e+02
    2.51445251e+02 3.65416626e+02 3.05117279e+02 3.80849854e+02
    3.58247070e+02 3.88961121e+02 4.03031189e+02 1.79690765e+02
    9.42755737e+01 2.16190201e+02 1.27483032e+02 2.53587189e+02
    1.61103745e+02 2.90702545e+02 1.94946854e+02 1.42524963e+02
    1.23961632e+02 1.80527344e+02 1.58550034e+02 2.18228058e+02
    1.92990921e+02 2.57732208e+02 2.28228210e+02 1.04019081e+02
    1.56713013e+02 1.42069946e+02 1.91245697e+02 1.82187546e+02
    2.27262848e+02 2.21579163e+02 2.63758118e+02 6.28833656e+01
    1.92679459e+02 1.02830154e+02 2.28336853e+02 1.42549789e+02
    2.64455475e+02 1.83746078e+02 2.99128662e+02</data></Image_points>
</opencv_storage>
