<?xml version="1.0"?>
<opencv_storage>
<calibration_Time>"Wed Jul 16 15:11:26 2014"</calibration_Time>
<nrOfFrames>5</nrOfFrames>
<image_Width>640</image_Width>
<image_Height>480</image_Height>
<board_Width>4</board_Width>
<board_Height>4</board_Height>
<square_Size>20.</square_Size>
<FixAspectRatio>1.</FixAspectRatio>
<!-- flags:  +fix_aspectRatio +fix_principal_point +zero_tangent_dist -->
<flagValue>14</flagValue>
<Camera_Matrix type_id="opencv-matrix">
  <rows>3</rows>
  <cols>3</cols>
  <dt>d</dt>
  <data>
    8.6906712431200617e+02 0. 3.1950000000000000e+02 0.
    8.6906712431200617e+02 2.3950000000000000e+02 0. 0. 1.</data></Camera_Matrix>
<Distortion_Coefficients type_id="opencv-matrix">
  <rows>5</rows>
  <cols>1</cols>
  <dt>d</dt>
  <data>
    4.1403352016514272e-01 -1.4957253166492491e+01 0. 0.
    1.4460855929214989e+02</data></Distortion_Coefficients>
<Avg_Reprojection_Error>5.4550460638663956e-01</Avg_Reprojection_Error>
<Per_View_Reprojection_Errors type_id="opencv-matrix">
  <rows>5</rows>
  <cols>1</cols>
  <dt>f</dt>
  <data>
    7.65847445e-01 6.24383032e-01 4.13782209e-01 4.49143857e-01
    3.72228414e-01</data></Per_View_Reprojection_Errors>
<!-- a set of 6-tuples (rotation vector + translation vector)for each view -->
<Extrinsic_Parameters type_id="opencv-matrix">
  <rows>5</rows>
  <cols>6</cols>
  <dt>d</dt>
  <data>
    -2.5212331113195047e-01 -3.9273585028587016e-01
    4.5163818067128901e-02 -4.2421624620322305e+01
    -5.4941259078296724e+01 3.4971406518369918e+02
    1.3821262589369412e-01 -4.5292584658360685e-01
    -1.4086317011934912e+00 -3.4458294490245336e+01
    6.5047790231714430e+01 3.1990264011639528e+02
    -5.0077769732710309e-01 -4.1954784936559636e-01
    -4.2178878949352676e-02 -6.3665665170498421e+01
    -7.9239623083130098e+01 4.4570469161854703e+02
    -4.2982164823631108e-01 -3.4821568993142243e-01
    9.5619435751057164e-03 -6.3647454925407558e+01
    -8.2550569009364580e+01 4.4878262634072900e+02
    -4.5826884959161518e-01 -1.8358527219607018e-01
    2.7613646360790552e-02 -6.1893794174457177e+01
    -8.9625003013066319e+01 4.6794872689292907e+02</data></Extrinsic_Parameters>
<Image_points type_id="opencv-matrix">
  <rows>5</rows>
  <cols>16</cols>
  <dt>"2f"</dt>
  <data>
    2.13520401e+02 1.03781769e+02 2.60756622e+02 1.10382263e+02
    3.05428223e+02 1.17256409e+02 3.50068542e+02 1.22764015e+02
    2.13191940e+02 1.48930695e+02 2.60493591e+02 1.55830719e+02
    3.06316986e+02 1.61903275e+02 3.51135986e+02 1.67557602e+02
    2.11491211e+02 1.97157623e+02 2.60340546e+02 2.02892853e+02
    3.06312836e+02 2.08752304e+02 3.51605316e+02 2.13641891e+02
    2.10069000e+02 2.47277573e+02 2.58919922e+02 2.52486328e+02
    3.06096741e+02 2.57277832e+02 3.51480988e+02 2.61706207e+02
    2.24262680e+02 4.16945465e+02 2.31547668e+02 3.62077454e+02
    2.38053558e+02 3.08696198e+02 2.44471802e+02 2.57785828e+02
    2.76818939e+02 4.22209290e+02 2.82320648e+02 3.67968353e+02
    2.87772766e+02 3.16113831e+02 2.92855042e+02 2.65886475e+02
    3.25917938e+02 4.26619659e+02 3.30527649e+02 3.74244568e+02
    3.34720856e+02 3.23064270e+02 3.39186584e+02 2.74027374e+02
    3.72600647e+02 4.31187103e+02 3.75716919e+02 3.79549805e+02
    3.79691803e+02 3.29968597e+02 3.83526184e+02 2.81502747e+02
    1.95126190e+02 8.53223724e+01 2.32674850e+02 8.97694626e+01
    2.67744537e+02 9.49629135e+01 3.03519165e+02 9.88501892e+01
    1.98459763e+02 1.16010178e+02 2.35667191e+02 1.21249626e+02
    2.72524109e+02 1.25464699e+02 3.08253815e+02 1.29611099e+02
    2.01123215e+02 1.49283905e+02 2.39962173e+02 1.53448517e+02
    2.77003113e+02 1.57991714e+02 3.13584259e+02 1.61160553e+02
    2.04469910e+02 1.83887283e+02 2.43963684e+02 1.87931458e+02
    2.82124298e+02 1.91443542e+02 3.18679474e+02 1.95074905e+02
    1.95692368e+02 8.00537796e+01 2.33995651e+02 8.48372498e+01
    2.70045898e+02 9.00897980e+01 3.06637665e+02 9.42612381e+01
    1.96419189e+02 1.12287872e+02 2.34354736e+02 1.17447594e+02
    2.71899261e+02 1.22076851e+02 3.08281494e+02 1.26863495e+02
    1.96339539e+02 1.46227341e+02 2.35747009e+02 1.50673508e+02
    2.73267151e+02 1.55931763e+02 3.10641052e+02 1.60060135e+02
    1.96785751e+02 1.81722382e+02 2.36670761e+02 1.86000229e+02
    2.75426788e+02 1.90422318e+02 3.12640594e+02 1.95132553e+02
    2.04365158e+02 7.33322678e+01 2.41882736e+02 7.64270935e+01
    2.77391632e+02 8.01493530e+01 3.14434052e+02 8.34921112e+01
    2.02934677e+02 1.03526543e+02 2.40010223e+02 1.06801155e+02
    2.77961273e+02 1.09932671e+02 3.14657959e+02 1.13910019e+02
    2.00816025e+02 1.35439514e+02 2.39609802e+02 1.38522186e+02
    2.77459320e+02 1.41989380e+02 3.15265228e+02 1.45259018e+02
    1.99153671e+02 1.68672211e+02 2.38300018e+02 1.71933121e+02
    2.77350586e+02 1.75215103e+02 3.15592010e+02 1.78943039e+02</data></Image_points>
</opencv_storage>
