%YAML:1.0
R: !!opencv-matrix
   rows: 3
   cols: 3
   dt: d
   data: [ 5.7797577998930993e-01, -5.6241687347353998e-02,
       8.1411354880635134e-01, 2.2955043057759340e-02,
       9.9834797745789816e-01, 5.2672401729373042e-02,
       -8.1573099962179030e-01, -1.1755360906689608e-02,
       5.7831198132667827e-01 ]
T: !!opencv-matrix
   rows: 3
   cols: 1
   dt: d
   data: [ -1.1536446306098661e+02, -1.5249889969943224e+01,
       6.6610822096125716e+01 ]
R1: !!opencv-matrix
   rows: 3
   cols: 3
   dt: d
   data: [ 9.0513734946729163e-01, 7.0996082475514061e-02,
       4.1914906044563183e-01, -6.9365439161407236e-02,
       9.9740749291323494e-01, -1.9150167896926657e-02,
       -4.1942200043544575e-01, -1.1740926439824662e-02,
       9.0771544891395550e-01 ]
R2: !!opencv-matrix
   rows: 3
   cols: 3
   dt: d
   data: [ 8.6038945516058085e-01, 1.1373384987335301e-01,
       -4.9678425583090341e-01, -1.1177783532475415e-01,
       9.9315878127195856e-01, 3.3783882436897471e-02,
       4.9722801708933395e-01, 2.6462172537105921e-02,
       8.6721626624852088e-01 ]
P1: !!opencv-matrix
   rows: 3
   cols: 4
   dt: d
   data: [ -6.0918500348539246e+03, 0., 2.9682080078125000e+02, 0., 0.,
       -6.0918500348539246e+03, 2.3634226036071777e+02, 0., 0., 0., 1.,
       0. ]
P2: !!opencv-matrix
   rows: 3
   cols: 4
   dt: d
   data: [ -6.0918500348539246e+03, 0., 2.9682080078125000e+02,
       8.1681964382956107e+05, 0., -6.0918500348539246e+03,
       2.3634226036071777e+02, 0., 0., 0., 1., 0. ]
Q: !!opencv-matrix
   rows: 4
   cols: 4
   dt: d
   data: [ 1., 0., 0., -2.9682080078125000e+02, 0., 1., 0.,
       -2.3634226036071777e+02, 0., 0., 0., -6.0918500348539246e+03, 0.,
       0., 7.4580111789342082e-03, 0. ]
