%YAML:1.0
R: !!opencv-matrix
   rows: 3
   cols: 3
   dt: d
   data: [ 2.5235048476908084e-01, -2.2156443887372104e-01,
       -9.4192803985409779e-01, -4.2940471028233351e-01,
       8.4669213787515796e-01, -3.1420378490358691e-01,
       8.6713945108278578e-01, 4.8375781449705535e-01,
       1.1852235775952759e-01 ]
T: !!opencv-matrix
   rows: 3
   cols: 1
   dt: d
   data: [ 1.2996612450105431e+02, 3.7295161656450347e+01,
       1.2742531713499807e+02 ]
R1: !!opencv-matrix
   rows: 3
   cols: 3
   dt: d
   data: [ 6.8504880037612703e-01, 3.4675346307973759e-01,
       -6.4067946505677731e-01, -4.5009760335353172e-01,
       8.9297704588050197e-01, 2.0354326170817418e-03,
       5.7281784937153968e-01, 2.8697392106729996e-01,
       7.6780575673058282e-01 ]
R2: !!opencv-matrix
   rows: 3
   cols: 3
   dt: d
   data: [ 6.9951811308631362e-01, 2.0073416214667156e-01,
       6.8584269742517268e-01, -3.1335153755255463e-01,
       9.4871113438459787e-01, 4.1928479678366680e-02,
       -6.4225012524530756e-01, -2.4423959474655818e-01,
       7.2654098093667341e-01 ]
P1: !!opencv-matrix
   rows: 3
   cols: 4
   dt: d
   data: [ -5.6267747574383266e+03, 0., 2.9490347433090210e+02, 0., 0.,
       -5.6267747574383266e+03, 2.0603891515731812e+02, 0., 0., 0., 1.,
       0. ]
P2: !!opencv-matrix
   rows: 3
   cols: 4
   dt: d
   data: [ -5.6267747574383266e+03, 0., 2.9490347433090210e+02,
       -1.0454198325732064e+06, 0., -5.6267747574383266e+03,
       2.0603891515731812e+02, 0., 0., 0., 1., 0. ]
Q: !!opencv-matrix
   rows: 4
   cols: 4
   dt: d
   data: [ 1., 0., 0., -2.9490347433090210e+02, 0., 1., 0.,
       -2.0603891515731812e+02, 0., 0., 0., -5.6267747574383266e+03, 0.,
       0., -5.3823110889225515e-03, 0. ]
