%YAML:1.0
M1: !!opencv-matrix
   rows: 3
   cols: 3
   dt: d
   data: [ 5.4594688716512144e+02, 0., 3.1950000000000000e+02, 0.,
       5.4594688716512144e+02, 2.3950000000000000e+02, 0., 0., 1. ]
D1: !!opencv-matrix
   rows: 1
   cols: 5
   dt: d
   data: [ -2.0099207893230853e-03, 1.2884435671902239e-01, 0., 0.,
       -3.2444677263619448e-01 ]
M2: !!opencv-matrix
   rows: 3
   cols: 3
   dt: d
   data: [ 6.1488356693841786e+02, 0., 3.1950000000000000e+02, 0.,
       6.1488356693841786e+02, 2.3950000000000000e+02, 0., 0., 1. ]
D2: !!opencv-matrix
   rows: 1
   cols: 5
   dt: d
   data: [ -1.4119968277236214e-01, 6.1039478727893548e-01, 0., 0.,
       -7.3863312139607717e-01 ]
