%YAML:1.0
M1: !!opencv-matrix
   rows: 3
   cols: 3
   dt: d
   data: [ 6.0421344075466902e+02, 0., 3.1950000000000000e+02, 0.,
       6.0421344075466902e+02, 2.3950000000000000e+02, 0., 0., 1. ]
D1: !!opencv-matrix
   rows: 1
   cols: 5
   dt: d
   data: [ -3.2061337332001970e-02, 2.4970879783711539e-01, 0., 0.,
       -1.1782760300331838e+00 ]
M2: !!opencv-matrix
   rows: 3
   cols: 3
   dt: d
   data: [ 6.1238347849166257e+02, 0., 3.1950000000000000e+02, 0.,
       6.1238347849166257e+02, 2.3950000000000000e+02, 0., 0., 1. ]
D2: !!opencv-matrix
   rows: 1
   cols: 5
   dt: d
   data: [ 2.5083263103874237e-01, -4.0743713597784090e+00, 0., 0.,
       1.5805013649032466e+01 ]
