<?xml version="1.0"?>
<opencv_storage>
<calibration_Time>"Mon Jul 14 10:32:56 2014"</calibration_Time>
<nrOfFrames>5</nrOfFrames>
<image_Width>640</image_Width>
<image_Height>480</image_Height>
<board_Width>4</board_Width>
<board_Height>4</board_Height>
<square_Size>20.</square_Size>
<FixAspectRatio>1.</FixAspectRatio>
<!-- flags:  +fix_aspectRatio +fix_principal_point +zero_tangent_dist -->
<flagValue>14</flagValue>
<Camera_Matrix type_id="opencv-matrix">
  <rows>3</rows>
  <cols>3</cols>
  <dt>d</dt>
  <data>
    6.9118808604749881e+02 0. 3.1950000000000000e+02 0.
    6.9118808604749881e+02 2.3950000000000000e+02 0. 0. 1.</data></Camera_Matrix>
<Distortion_Coefficients type_id="opencv-matrix">
  <rows>5</rows>
  <cols>1</cols>
  <dt>d</dt>
  <data>
    -2.1547339168879856e-01 9.3930633956615861e-01 0. 0.
    -7.1871535591386593e-01</data></Distortion_Coefficients>
<Avg_Reprojection_Error>1.2985905070666841e+00</Avg_Reprojection_Error>
<Per_View_Reprojection_Errors type_id="opencv-matrix">
  <rows>5</rows>
  <cols>1</cols>
  <dt>f</dt>
  <data>
    5.03432453e-01 1.00565290e+00 4.14622962e-01 5.44085085e-01
    2.58823562e+00</data></Per_View_Reprojection_Errors>
<!-- a set of 6-tuples (rotation vector + translation vector)for each view -->
<Extrinsic_Parameters type_id="opencv-matrix">
  <rows>5</rows>
  <cols>6</cols>
  <dt>d</dt>
  <data>
    9.9157204310338365e-02 1.8492280519719037e-01 1.4278985555908092e+00
    -3.2658047116195327e+01 1.8984278184358114e+01
    2.7057295061734868e+02 1.5270230703322271e-01 7.5395387701117123e-01
    8.8159390826142026e-01 -1.9959703959012469e+01
    -3.8809329149819355e+01 2.1235257087946675e+02
    -4.4727743089966204e-01 4.3608595260196703e-01
    -5.1504505974928527e-01 -5.3162991774817286e+01
    1.4656905558460476e+01 2.3309775134064523e+02 3.4232917610873836e-01
    9.6248514701462518e-01 9.3862761509574799e-01
    -4.1677749474991828e+01 -3.3886886551419245e+01
    1.9012498287336817e+02 -6.6743880226281049e-01
    6.0553750241682622e-02 -7.6094451789841711e-01
    -6.8483747524734525e+01 -2.8413135215061004e+01
    2.3247258621582691e+02</data></Extrinsic_Parameters>
<Image_points type_id="opencv-matrix">
  <rows>5</rows>
  <cols>16</cols>
  <dt>"2f"</dt>
  <data>
    2.37131638e+02 2.88256134e+02 2.42710770e+02 3.38511414e+02
    2.48968842e+02 3.88736908e+02 2.55516937e+02 4.39865875e+02
    1.89432098e+02 2.94144745e+02 1.95233292e+02 3.43993896e+02
    2.01231323e+02 3.93604767e+02 2.07669022e+02 4.44518921e+02
    1.43241150e+02 2.99811951e+02 1.48920410e+02 3.49455933e+02
    1.54875244e+02 3.98399902e+02 1.61319397e+02 4.49296387e+02
    9.83529663e+01 3.05699188e+02 1.03868217e+02 3.54435059e+02
    1.09538719e+02 4.03628723e+02 1.15321510e+02 4.53868591e+02
    2.57244812e+02 1.14959137e+02 2.79288696e+02 1.58107544e+02
    3.04356262e+02 2.06331192e+02 3.34125671e+02 2.62050262e+02
    2.17746490e+02 1.58821426e+02 2.37480530e+02 2.02850494e+02
    2.61420685e+02 2.52695740e+02 2.87312561e+02 3.07948700e+02
    1.82090958e+02 2.00020935e+02 2.00027420e+02 2.44895798e+02
    2.20865356e+02 2.94731628e+02 2.44276886e+02 3.50280823e+02
    1.49863205e+02 2.38569595e+02 1.66771042e+02 2.83998566e+02
    1.85500763e+02 3.33440826e+02 2.06539124e+02 3.88191406e+02
    1.63377762e+02 2.82260651e+02 2.06435577e+02 2.50084473e+02
    2.51598267e+02 2.16325089e+02 2.99159088e+02 1.80497543e+02
    1.79026718e+02 3.32349609e+02 2.24468079e+02 3.00085297e+02
    2.72672363e+02 2.66013153e+02 3.24110016e+02 2.30424759e+02
    1.96450699e+02 3.86802673e+02 2.44181915e+02 3.54421783e+02
    2.95536591e+02 3.20329071e+02 3.49923096e+02 2.84068176e+02
    2.14454681e+02 4.46656250e+02 2.66087585e+02 4.14438446e+02
    3.20776001e+02 3.80318604e+02 3.78613068e+02 3.43840454e+02
    1.69892426e+02 1.18511208e+02 1.77702179e+02 1.71032867e+02
    1.87805069e+02 2.32379333e+02 1.97994995e+02 3.02539429e+02
    1.43503922e+02 1.64135712e+02 1.49757111e+02 2.17172287e+02
    1.56502228e+02 2.76412994e+02 1.66343536e+02 3.44106354e+02
    1.20797600e+02 2.05433319e+02 1.25864883e+02 2.56630157e+02
    1.30615845e+02 3.14910889e+02 1.37533691e+02 3.79790955e+02
    1.00169899e+02 2.41484283e+02 1.03855247e+02 2.91697296e+02
    1.07062172e+02 3.48315857e+02 1.12716408e+02 4.11154572e+02
    1.17303726e+02 1.55198517e+02 1.63132828e+02 1.17698845e+02
    2.09532852e+02 8.38367386e+01 2.55712021e+02 5.35653534e+01
    1.44622650e+02 1.85049637e+02 1.90829666e+02 1.43537521e+02
    2.37927383e+02 1.05688049e+02 2.84564514e+02 7.07628784e+01
    1.77159119e+02 2.17932571e+02 2.23769028e+02 1.73652283e+02
    2.71775635e+02 1.31901352e+02 3.19970856e+02 9.40363007e+01
    2.14488312e+02 2.52626434e+02 2.63412537e+02 2.07014679e+02
    3.11424683e+02 1.62638367e+02 3.58639191e+02 1.20158287e+02</data></Image_points>
</opencv_storage>
