<?xml version="1.0"?>
<opencv_storage>
<calibration_Time>"Mon Jul 14 10:24:30 2014"</calibration_Time>
<nrOfFrames>10</nrOfFrames>
<image_Width>640</image_Width>
<image_Height>480</image_Height>
<board_Width>4</board_Width>
<board_Height>4</board_Height>
<square_Size>20.</square_Size>
<FixAspectRatio>1.</FixAspectRatio>
<!-- flags:  +fix_aspectRatio +fix_principal_point +zero_tangent_dist -->
<flagValue>14</flagValue>
<Camera_Matrix type_id="opencv-matrix">
  <rows>3</rows>
  <cols>3</cols>
  <dt>d</dt>
  <data>
    6.0173556784296886e+02 0. 3.1950000000000000e+02 0.
    6.0173556784296886e+02 2.3950000000000000e+02 0. 0. 1.</data></Camera_Matrix>
<Distortion_Coefficients type_id="opencv-matrix">
  <rows>5</rows>
  <cols>1</cols>
  <dt>d</dt>
  <data>
    -3.5218178071681239e-01 2.0731428224644866e+00 0. 0.
    -4.0700012975168320e+00</data></Distortion_Coefficients>
<Avg_Reprojection_Error>1.7067438044827066e+00</Avg_Reprojection_Error>
<Per_View_Reprojection_Errors type_id="opencv-matrix">
  <rows>10</rows>
  <cols>1</cols>
  <dt>f</dt>
  <data>
    2.53751159e+00 3.14658791e-01 3.34411114e-01 3.39819878e-01
    3.15995127e-01 2.63321829e+00 8.89125526e-01 2.02242541e+00
    4.89105523e-01 3.19543362e+00</data></Per_View_Reprojection_Errors>
<!-- a set of 6-tuples (rotation vector + translation vector)for each view -->
<Extrinsic_Parameters type_id="opencv-matrix">
  <rows>10</rows>
  <cols>6</cols>
  <dt>d</dt>
  <data>
    5.5449355984857472e-02 5.5662757955522724e-01 1.3037909380142978e+00
    -2.6154426855634327e+01 -1.6415725453566047e+01
    2.2489606750992905e+02 -1.9799433381257242e-01
    4.7422454022231225e-01 1.5130077011494680e+00 4.6881524141144446e+01
    -6.5795521619589099e+00 2.8743034474560636e+02
    -2.2167464128461798e-02 1.0850179135732101e-01
    1.2983229032344030e+00 5.2296766985064700e+01
    -5.5711313186407139e+01 2.7662622675680819e+02
    -3.2538013287628481e-02 1.5773030326419502e-01
    -3.9589577159300765e-01 -5.4253178753801649e+01
    5.1466923577723989e+01 2.9226252572355253e+02
    -3.0398444316739248e-01 2.6535547021732125e-01
    7.8602014104810702e-01 -2.4028393003917454e+01
    -6.6798735492824690e+01 3.0424932350853544e+02
    -4.3036898217707470e-01 6.2155632860509613e-01
    1.8780907245463208e-01 -3.8519995313293897e+01
    -3.9460337731595217e+01 2.2131075855732499e+02
    8.0940820823021287e-02 1.8595832170811002e-01 1.4232612648154501e+00
    -2.0476713238021865e+01 -2.9818607026787294e+01
    1.4429394114916903e+02 -1.7994835103376716e-01
    7.0076525832058056e-01 9.0514885252877952e-01
    -4.6291265369246766e+00 -2.8978102393161141e+01
    1.5669749347608084e+02 -1.2518975668124181e-02
    4.1979046766093681e-02 1.4952537257618956e+00 4.8497108605913626e+00
    -6.5098212542857392e-01 1.6516900561886925e+02
    -4.0100979363775202e-01 1.9638468916159296e-01
    -5.1672511158958145e-01 -1.9804479984219647e+01
    -8.2209488457402404e+00 1.7695782055537484e+02</data></Extrinsic_Parameters>
<Image_points type_id="opencv-matrix">
  <rows>10</rows>
  <cols>16</cols>
  <dt>"2f"</dt>
  <data>
    2.48552277e+02 1.96092606e+02 2.53834412e+02 2.45152771e+02
    2.63374390e+02 2.98774261e+02 2.74437805e+02 3.53859833e+02
    2.05743958e+02 2.11626389e+02 2.08469803e+02 2.59127380e+02
    2.14452759e+02 3.10991943e+02 2.24002136e+02 3.64971710e+02
    1.66469788e+02 2.26685699e+02 1.66566452e+02 2.72456238e+02
    1.69604446e+02 3.22579315e+02 1.76280884e+02 3.75375885e+02
    1.31971802e+02 2.42027252e+02 1.32419586e+02 2.86924042e+02
    1.28632462e+02 3.34026642e+02 1.31792953e+02 3.85325256e+02
    4.16966003e+02 2.25778625e+02 4.19236755e+02 2.64247986e+02
    4.21422272e+02 3.04991638e+02 4.23950256e+02 3.48404968e+02
    3.75450989e+02 2.28513260e+02 3.76651642e+02 2.66746368e+02
    3.77650635e+02 3.06923828e+02 3.79037201e+02 3.49708527e+02
    3.34731659e+02 2.31289001e+02 3.34622589e+02 2.69013428e+02
    3.34592194e+02 3.08792664e+02 3.34849396e+02 3.51328644e+02
    2.95179291e+02 2.34456619e+02 2.93556244e+02 2.71404144e+02
    2.92666779e+02 3.10844727e+02 2.91473267e+02 3.52674408e+02
    4.31871277e+02 1.20691879e+02 4.43798004e+02 1.60767395e+02
    4.55974884e+02 2.01797043e+02 4.68657867e+02 2.43383087e+02
    3.90659668e+02 1.31549942e+02 4.02170746e+02 1.72201767e+02
    4.14217316e+02 2.13353638e+02 4.26723755e+02 2.55342590e+02
    3.49294067e+02 1.43012772e+02 3.60720398e+02 1.83665665e+02
    3.72562775e+02 2.25201508e+02 3.85056244e+02 2.67146027e+02
    3.08083221e+02 1.55064545e+02 3.18912445e+02 1.95568451e+02
    3.30573425e+02 2.37168564e+02 3.42764191e+02 2.79508118e+02
    2.09322006e+02 3.43738190e+02 2.45758118e+02 3.29077667e+02
    2.82346344e+02 3.14461548e+02 3.19840881e+02 2.99379517e+02
    2.24526657e+02 3.81750000e+02 2.61433655e+02 3.67404083e+02
    2.98410217e+02 3.53169159e+02 3.36073944e+02 3.38539856e+02
    2.39802383e+02 4.19887146e+02 2.76853455e+02 4.05674988e+02
    3.14201965e+02 3.91880554e+02 3.52493683e+02 3.77393097e+02
    2.55342224e+02 4.57581116e+02 2.92463959e+02 4.44117706e+02
    3.30068756e+02 4.30420929e+02 3.68647736e+02 4.15764862e+02
    2.72571259e+02 1.08900230e+02 2.98749298e+02 1.31661789e+02
    3.26087433e+02 1.55614685e+02 3.54534912e+02 1.80823990e+02
    2.43172516e+02 1.33793030e+02 2.68778870e+02 1.57337402e+02
    2.95752136e+02 1.82356873e+02 3.23703552e+02 2.08169846e+02
    2.13615372e+02 1.59727570e+02 2.38696472e+02 1.84241913e+02
    2.65069214e+02 2.09978210e+02 2.92524567e+02 2.36967316e+02
    1.82954941e+02 1.85426743e+02 2.07543411e+02 2.11039825e+02
    2.33465683e+02 2.37938431e+02 2.60287231e+02 2.65955902e+02
    2.16179611e+02 1.34295532e+02 2.54066177e+02 1.27654320e+02
    2.98608459e+02 1.24064850e+02 3.52153290e+02 1.25098251e+02
    1.97119003e+02 1.81307846e+02 2.34270523e+02 1.76583450e+02
    2.78797363e+02 1.74683411e+02 3.33595367e+02 1.78053619e+02
    1.78241898e+02 2.31098740e+02 2.13681595e+02 2.29627731e+02
    2.57772980e+02 2.30875748e+02 3.12408905e+02 2.35871506e+02
    1.57178558e+02 2.84251678e+02 1.92100601e+02 2.86551300e+02
    2.35023438e+02 2.91791992e+02 2.89827087e+02 3.00182617e+02
    2.35163269e+02 1.16239487e+02 2.44778580e+02 1.98262070e+02
    2.55616791e+02 2.80810638e+02 2.67038239e+02 3.64466339e+02
    1.59618668e+02 1.31372452e+02 1.67687851e+02 2.11069397e+02
    1.77431931e+02 2.91753021e+02 1.88530334e+02 3.73058838e+02
    8.83900299e+01 1.45890076e+02 9.45607910e+01 2.23212463e+02
    1.03493721e+02 3.01890228e+02 1.13775444e+02 3.81309235e+02
    2.08484859e+01 1.59631134e+02 2.48197842e+01 2.35031509e+02
    3.21021042e+01 3.11704712e+02 4.16544075e+01 3.89535950e+02
    3.05167633e+02 1.32043015e+02 3.35563232e+02 1.73387070e+02
    3.72850891e+02 2.26279175e+02 4.19189392e+02 2.92465515e+02
    2.46654602e+02 1.77543762e+02 2.71351105e+02 2.24485596e+02
    3.03400848e+02 2.81863068e+02 3.41683380e+02 3.52128510e+02
    1.88809387e+02 2.23982071e+02 2.10280396e+02 2.74176910e+02
    2.36851974e+02 3.35425110e+02 2.69067352e+02 4.08388062e+02
    1.34724258e+02 2.67783203e+02 1.53427811e+02 3.22753784e+02
    1.76381927e+02 3.86113159e+02 2.02389664e+02 4.61484589e+02
    3.36712189e+02 2.37596710e+02 3.42024078e+02 3.09249695e+02
    3.47558502e+02 3.81878510e+02 3.53433258e+02 4.53905609e+02
    2.65097198e+02 2.42871765e+02 2.70232880e+02 3.14559052e+02
    2.75752258e+02 3.86562225e+02 2.81429535e+02 4.58699493e+02
    1.94517776e+02 2.48040787e+02 1.99213486e+02 3.19290558e+02
    2.04634659e+02 3.91190399e+02 2.10303864e+02 4.63185577e+02
    1.23739548e+02 2.52840790e+02 1.28468216e+02 3.24049530e+02
    1.33563721e+02 3.95965759e+02 1.38597198e+02 4.68168793e+02
    2.48279312e+02 2.14677658e+02 3.12780273e+02 1.72855988e+02
    3.63591858e+02 1.43415176e+02 4.31909882e+02 1.05016472e+02
    2.85039948e+02 2.65476929e+02 3.37576385e+02 2.30322113e+02
    4.04918945e+02 1.91118088e+02 4.63611572e+02 1.56613495e+02
