%YAML:1.0
R: !!opencv-matrix
   rows: 3
   cols: 3
   dt: d
   data: [ 8.2085867111317878e-01, 5.1560017626514398e-01,
       -2.4565728219138735e-01, -1.1736700179469053e-01,
       5.7322834857043947e-01, 8.1094651320844335e-01,
       5.5894188333674866e-01, -6.3684041849631312e-01,
       5.3105390726498680e-01 ]
T: !!opencv-matrix
   rows: 3
   cols: 1
   dt: d
   data: [ 5.2531375630138896e+01, -1.4287048738086486e+02,
       6.5416086132365791e+01 ]
R1: !!opencv-matrix
   rows: 3
   cols: 3
   dt: d
   data: [ 7.4887334024829311e-01, 6.5582203215356805e-01,
       9.5321468764012013e-02, -5.8215405509617013e-01,
       5.8226829962343296e-01, 5.6750355363532434e-01,
       3.1667866426466035e-01, -4.8048006139235411e-01,
       8.1783466189930487e-01 ]
R2: !!opencv-matrix
   rows: 3
   cols: 3
   dt: d
   data: [ 9.2944471733418732e-01, 3.6534337450666515e-01,
       5.1543536196647755e-02, -3.1705994674995075e-01,
       8.6231339990128386e-01, -3.9482729201209860e-01,
       -1.8869421715169485e-01, 3.5062774997819435e-01,
       9.1730838509126145e-01 ]
P1: !!opencv-matrix
   rows: 3
   cols: 4
   dt: d
   data: [ -4.4499991916485578e+03, 0., 2.6200849294662476e+02, 0., 0.,
       -4.4499991916485578e+03, 1.2034689044952393e+02, 0., 0., 0., 1.,
       0. ]
P2: !!opencv-matrix
   rows: 3
   cols: 4
   dt: d
   data: [ -4.4499991916485578e+03, 0., 2.6200849294662476e+02, 0., 0.,
       -4.4499991916485578e+03, 1.2034689044952393e+02,
       7.3728826831180695e+05, 0., 0., 1., 0. ]
Q: !!opencv-matrix
   rows: 4
   cols: 4
   dt: d
   data: [ 1., 0., 0., -2.6200849294662476e+02, 0., 1., 0.,
       -1.2034689044952393e+02, 0., 0., 0., -4.4499991916485578e+03, 0.,
       0., 6.0356300010549020e-03, 0. ]
