%YAML:1.0
R: !!opencv-matrix
   rows: 3
   cols: 3
   dt: d
   data: [ 9.9829619907102407e-01, -5.2917399696820119e-02,
       -2.4585518698478012e-02, 5.3221692308918142e-02,
       9.9851191447226406e-01, 1.1891514819769388e-02,
       2.3919665301192522e-02, -1.3179736957198098e-02,
       9.9962700250924497e-01 ]
T: !!opencv-matrix
   rows: 3
   cols: 1
   dt: d
   data: [ -2.1166412437311703e+01, -2.3457391629642971e-01,
       -9.9517511999435655e+00 ]
R1: !!opencv-matrix
   rows: 3
   cols: 3
   dt: d
   data: [ 9.1408884867170237e-01, -4.3479779720055012e-02,
       4.0317624618711989e-01, 4.3316958051810031e-02,
       9.9901594543235961e-01, 9.5279545037957429e-03,
       -4.0319377212350310e-01, 8.7549715810027150e-03,
       9.1507274715917342e-01 ]
R2: !!opencv-matrix
   rows: 3
   cols: 3
   dt: d
   data: [ 9.0491996298492949e-01, 1.0028653664425862e-02,
       4.2546361383440628e-01, -9.8564212131097891e-03,
       9.9994802788736004e-01, -2.6062396377058350e-03,
       -4.2546763866623694e-01, -1.8351103123211577e-03,
       9.0497177901740011e-01 ]
P1: !!opencv-matrix
   rows: 3
   cols: 4
   dt: d
   data: [ -1.0208687284127572e+03, 0., -3.5087374925613403e+01, 0., 0.,
       -1.0208687284127572e+03, 2.3596701812744141e+02, 0., 0., 0., 1.,
       0. ]
P2: !!opencv-matrix
   rows: 3
   cols: 4
   dt: d
   data: [ -1.0208687284127572e+03, 0., -3.5087374925613403e+01,
       2.3878496921056681e+04, 0., -1.0208687284127572e+03,
       2.3596701812744141e+02, 0., 0., 0., 1., 0. ]
Q: !!opencv-matrix
   rows: 4
   cols: 4
   dt: d
   data: [ 1., 0., 0., 3.5087374925613403e+01, 0., 1., 0.,
       -2.3596701812744141e+02, 0., 0., 0., -1.0208687284127572e+03, 0.,
       0., 4.2752637730414621e-02, 0. ]
