%YAML:1.0
R: !!opencv-matrix
   rows: 3
   cols: 3
   dt: d
   data: [ 9.8518814673399135e-01, 1.6571495595985314e-01,
       4.4077986638087756e-02, -1.6593907579691591e-01,
       9.8613494073282526e-01, 1.4497549905596084e-03,
       -4.3226596656559778e-02, -8.7425417980808509e-03,
       9.9902704132791120e-01 ]
T: !!opencv-matrix
   rows: 3
   cols: 1
   dt: d
   data: [ 1.1162435409558146e+01, -1.1112530960545202e+01,
       -1.1137183311440854e+01 ]
R1: !!opencv-matrix
   rows: 3
   cols: 3
   dt: d
   data: [ 6.9062455662992372e-01, -4.6713583579439327e-01,
       -5.5210672219815882e-01, 4.5662586474729655e-01,
       8.7365153712516597e-01, -1.6800539075463727e-01,
       5.6083022513368963e-01, -1.3607756095517123e-01,
       8.1667151045018505e-01 ]
R2: !!opencv-matrix
   rows: 3
   cols: 3
   dt: d
   data: [ 5.7864797985543359e-01, -5.7606098987093490e-01,
       -5.7733893975562067e-01, 5.8723417607133999e-01,
       7.8552266614924637e-01, -1.9521824561140330e-01,
       5.6597043903638655e-01, -2.2607051314733251e-01,
       7.9282380465161462e-01 ]
P1: !!opencv-matrix
   rows: 3
   cols: 4
   dt: d
   data: [ -2.7034219502951346e+04, 0., 1.0141944947242737e+03, 0., 0.,
       -2.7034219502951346e+04, 4.8051648235321045e+02, 0., 0., 0., 1.,
       0. ]
P2: !!opencv-matrix
   rows: 3
   cols: 4
   dt: d
   data: [ -2.7034219502951346e+04, 0., 1.0141944947242737e+03,
       -5.2150485192206770e+05, 0., -2.7034219502951346e+04,
       4.8051648235321045e+02, 0., 0., 0., 1., 0. ]
Q: !!opencv-matrix
   rows: 4
   cols: 4
   dt: d
   data: [ 1., 0., 0., -1.0141944947242737e+03, 0., 1., 0.,
       -4.8051648235321045e+02, 0., 0., 0., -2.7034219502951346e+04, 0.,
       0., -5.1838864783929697e-02, 0. ]
