%YAML:1.0
M1: !!opencv-matrix
   rows: 3
   cols: 3
   dt: d
   data: [ 5.7746434816234432e+02, 0., 3.1950000000000000e+02, 0.,
       5.7746434816234432e+02, 2.3950000000000000e+02, 0., 0., 1. ]
D1: !!opencv-matrix
   rows: 1
   cols: 5
   dt: d
   data: [ -7.9009880828700169e-02, 5.7546372298805015e-01, 0., 0.,
       -1.2498467292373958e+00 ]
M2: !!opencv-matrix
   rows: 3
   cols: 3
   dt: d
   data: [ 6.2569401279614374e+02, 0., 3.1950000000000000e+02, 0.,
       6.2569401279614374e+02, 2.3950000000000000e+02, 0., 0., 1. ]
D2: !!opencv-matrix
   rows: 1
   cols: 5
   dt: d
   data: [ 1.4169195613635180e-02, -2.9502768950245426e-02, 0., 0.,
       4.8063726004380629e-02 ]
