%YAML:1.0
M1: !!opencv-matrix
   rows: 3
   cols: 3
   dt: d
   data: [ 6.0770980462729722e+02, 0., 3.1950000000000000e+02, 0.,
       6.0770980462729722e+02, 2.3950000000000000e+02, 0., 0., 1. ]
D1: !!opencv-matrix
   rows: 1
   cols: 5
   dt: d
   data: [ 2.0183086486474211e-01, -2.9897129250928400e-01, 0., 0.,
       -6.4188910441207114e-01 ]
M2: !!opencv-matrix
   rows: 3
   cols: 3
   dt: d
   data: [ 6.0057232378545405e+02, 0., 3.1950000000000000e+02, 0.,
       6.0057232378545405e+02, 2.3950000000000000e+02, 0., 0., 1. ]
D2: !!opencv-matrix
   rows: 1
   cols: 5
   dt: d
   data: [ 7.6438145531996418e-02, 8.8983357329748533e-02, 0., 0.,
       -2.2075980453721149e+00 ]
