%YAML:1.0
M1: !!opencv-matrix
   rows: 3
   cols: 3
   dt: d
   data: [ 6.8399821716244514e+02, 0., 3.1950000000000000e+02, 0.,
       6.8399821716244514e+02, 2.3950000000000000e+02, 0., 0., 1. ]
D1: !!opencv-matrix
   rows: 1
   cols: 5
   dt: d
   data: [ -2.6869884171877717e-01, 1.8202206327507022e+00, 0., 0.,
       -4.2703941304934343e+00 ]
M2: !!opencv-matrix
   rows: 3
   cols: 3
   dt: d
   data: [ 5.9058078870428778e+02, 0., 3.1950000000000000e+02, 0.,
       5.9058078870428778e+02, 2.3950000000000000e+02, 0., 0., 1. ]
D2: !!opencv-matrix
   rows: 1
   cols: 5
   dt: d
   data: [ -2.7393693808222541e-02, 8.3935263937353524e-02, 0., 0.,
       -2.1088357596229268e-01 ]
